"frame","x [nm]","y [nm]","precision [nm]","green photons","red photons","GP"
407,4936,76735,38.236,436.63,302.55,0.18139
408,4833.9,76699,31.282,327.26,108.93,0.50055
419,5962.1,76723,36.768,114.39,111.17,0.01427
422,3878.7,77333,32.371,1084.5,437.37,0.42523
429,4029.4,77267,14.925,1177.9,680.26,0.2678
430,5065,76283,31.167,1397.1,839.35,0.2494
437,4618,77972,36.773,441.27,341.74,0.12711
437,6215.9,78494,27.983,502.68,573.04,-0.065402
438,4790.2,78296,32.017,671.24,380.38,0.27659
440,4847.4,78726,31.783,251.34,110.83,0.38796
444,5125.3,78621,27.719,678.93,448.24,0.20466
445,4314.8,77398,25.269,583.15,255.47,0.39073
446,4419.8,77471,32.82,291.41,139.46,0.35266
448,5357,78543,36.029,467.77,303.41,0.21312
449,5382.5,76444,28.763,613.41,420.74,0.18631
451,4949.1,76178,27.976,1281.3,929.54,0.15912
457,4745.2,75869,34.71,452.04,359.82,0.11359
468,6228.6,78531,35.842,192.09,174.43,0.04818
469,5168.7,77733,31.717,281.87,106.47,0.45167
471,6209.7,76150,27.568,830.26,659.76,0.11442
472,4465,77937,29.812,371.17,245.21,0.20436
477,4092.5,77195,23.553,675.47,393.94,0.26326
493,5444.6,78242,32.503,232.42,128.4,0.28831
497,5523.2,78535,31.765,616.63,428.49,0.18002
503,5424.8,76233,34.776,412.12,171.64,0.41195
505,5382.5,76359,31.005,1342.2,1183.7,0.062765
506,4634.3,78014,29.589,449.32,141.37,0.52133
507,4268.6,76163,29.062,1525.7,825.6,0.29774
508,4332.3,76029,27.044,486.8,307.46,0.22579
511,4360,77364,34.367,644.62,363.18,0.27926
514,5903.4,76550,31.263,328.79,277.67,0.0843
519,5731.2,76473,35.305,210.72,209.99,0.0017274
524,3958.6,77202,23.972,447.42,213.36,0.35422
525,5718.4,76730,38.044,601.04,259.54,0.39683
526,6162.7,76942,27.366,538.78,285.9,0.30664
534,4609.7,75761,32.989,276.37,192.38,0.17918
541,5486.1,76998,37.548,337.85,298.51,0.061831
543,5393.9,76859,33.322,269.08,196.78,0.15519
548,6108.9,76326,33.427,407.06,197.75,0.34608
550,5993.9,76428,33.129,591.31,339.84,0.27006
551,6320.3,78548,32.407,329.55,120.8,0.46352
555,5832.9,78524,29.44,183.02,106.73,0.2633
558,3868.6,77120,33.673,535.03,431.25,0.1074
560,3854.4,76761,40.265,828.68,638.36,0.12973
568,4047.5,77290,27.094,555.21,299.02,0.2999
572,5370.5,76028,24.633,798.93,441.09,0.28858
576,5105.2,77868,32.515,206.17,107.98,0.31257
579,5212.6,77750,34.651,1078.8,476.81,0.38697
586,4634.7,77860,34.698,389.06,100.94,0.58801
590,3748.3,77160,37.133,645.66,695.28,-0.037001
593,5001.3,76268,24.837,705.04,534.92,0.1372
597,4166.9,77202,24.678,461.13,220.25,0.35352
598,4015.6,77244,21.147,762.61,388.43,0.32508
599,3958,77192,21.223,986.28,646.06,0.20843
603,4099,76844,36.505,428.04,268.11,0.22974
608,5442.5,76185,35.248,487.4,312.02,0.21939
609,5468.6,76020,22.128,369.27,211.98,0.27059
613,5647.9,75866,33.545,204.32,122.12,0.25182
616,5258.7,77995,28.095,636.65,314.17,0.33916
617,5231.7,77730,39.122,916.7,404.78,0.38738
625,4990.3,76115,28.813,379.56,238.85,0.22753
631,5502.1,77778,32.396,454.88,332.81,0.15498
635,3926.1,77445,33.131,854.82,297.84,0.48321
636,3887.2,77297,35.961,249.48,173.07,0.18083
638,6353.5,78685,19.368,478.05,236.9,0.3373
639,5987.6,78201,31.214,414.03,102.56,0.60292
639,6343.3,78520,25.635,302.88,169.82,0.28148
641,5759.2,78694,30.052,530.32,163.82,0.52799
643,6010.5,78549,30.39,264.94,107.54,0.42258
645,6077.1,77742,30.348,755.79,460.11,0.24318
647,4502.6,77383,33.938,525.83,365.22,0.18025
649,5409.7,75897,32.342,398.09,253.44,0.22202
650,5397.1,75833,30.143,594.13,335.74,0.27788
653,4822.1,78457,32.032,232.51,118.25,0.32574
655,3950.6,77163,30.782,398.96,343.91,0.074106
660,5459.9,78415,24.667,279.94,208.8,0.14556
661,5893,76683,21.714,1075.6,547.45,0.3254
662,5731.3,78179,36.563,293.17,129.54,0.38711
663,5889.1,76908,34.881,613.91,482.83,0.11951
666,5752.7,78310,31.762,297.03,201.74,0.19105
670,5052.5,75863,33.224,305.26,233.6,0.13298
672,3848.9,77108,35.532,990.34,778.71,0.11963
673,5542.4,76445,35.142,254.98,188.52,0.14984
673,5770,78490,32.893,387.73,555.27,-0.17767
675,5562.8,78550,32.111,272.32,152.63,0.28165
676,4526.7,77433,26.483,820.17,633.17,0.12867
676,5418.6,76686,30.523,277.39,204.8,0.15053
677,4538.9,77415,41.741,873.37,736.88,0.084764
680,5569.3,77800,32.946,539.21,364.35,0.19353
683,4979.1,78354,36.12,981.58,505.95,0.31974
685,5869.7,78427,30.366,448.43,104.19,0.62294
687,4664.8,78152,35.825,378.88,278.44,0.1528
688,5799.4,78568,25.617,756.53,452.5,0.25146
690,3849.5,77290,27.157,459,312.39,0.19006
692,4517.4,78096,34.281,701.04,297.52,0.4041
694,3856.1,77416,33.54,790.34,422.51,0.30328
694,5609.9,76664,31.906,822.1,505.1,0.23885
697,3539.2,78497,40.908,737.77,567.52,0.13043
709,6363.4,78290,35.53,470.83,496.72,-0.026761
716,4734.9,76506,34.011,533.34,151.07,0.55854
717,5623.6,78597,27.132,428.63,217.06,0.32765
718,3991.7,77163,33.535,291.08,308.88,-0.029678
718,5337.2,75868,32.969,399.83,269.93,0.19395
720,3937.6,77158,19.318,1073.7,709.41,0.20429
721,5228.7,76326,36.278,1105.6,556.81,0.33013
723,6194.5,75846,39.081,675.14,309.29,0.37163
735,5112.6,77940,31.258,427.53,345.31,0.10638
737,5308.7,76162,27.143,756.67,644.74,0.079868
737,5790.9,76421,33.923,316.26,207.44,0.2078
746,4692.2,78406,39.56,1085.4,674.01,0.23381
748,4570.9,77516,33.748,618.14,506.52,0.099247
751,6397,77041,33.891,300.37,186.88,0.23292
755,3768.8,78563,35.327,266.45,309.64,-0.074971
758,3453,78685,33.384,329.68,238.04,0.16142
761,5526,78223,31.58,211.36,249.15,-0.082049
766,5494.5,76087,33.926,827.4,465.98,0.27944
766,6118.7,76507,32.772,569.44,444.98,0.12268
767,5008.5,75777,33.612,466.15,198.08,0.40359
768,5678.3,76220,28.553,938.92,415.34,0.38661
771,4035,77143,36.888,287.94,454.48,-0.22431
777,4546.4,77510,26.413,685.64,197.29,0.5531
781,6333,77334,35.116,541.33,641.86,-0.084965
782,6407.8,77158,29.81,535.45,292.72,0.29309
786,4778.9,76083,22.175,1270.5,693.21,0.29397
792,6152.9,78690,36.178,539.13,245.2,0.37475
795,5981.8,78237,28.494,413.61,401.49,0.014874
796,6380.6,77876,28.733,370.44,235.15,0.22339
806,6093.3,78249,26.946,248.95,111.67,0.38066
809,5578.4,78537,33.197,506.97,222.82,0.38937
813,4048.2,77318,26.648,743.65,555.43,0.14489
814,5532,76797,22.674,1359.6,932.86,0.18615
818,5440.5,77663,31.46,357.46,123.85,0.48538
818,5499.4,77211,35.415,279.02,117.73,0.40652
821,5418.6,76297,19.377,672.34,286.02,0.4031
825,4214.3,77117,36.029,300.01,412.19,-0.15751
826,4031.9,77262,24.925,1418.2,749.98,0.30818
834,5822.5,78540,23.543,472.49,247.27,0.31292
839,4993.9,76059,30.313,578.49,374.19,0.21445
845,5048.5,77075,26.316,995.91,337.5,0.49378
846,5137.6,76465,32.565,243.89,169.96,0.17866
850,5405.4,76220,21.455,1348.6,717.66,0.30534
850,5439.6,78549,23.176,282.81,152.26,0.30008
853,3927.5,77292,28,914.98,524.06,0.27165
855,5534.2,76700,34.577,309.03,216.51,0.17604
860,5041.4,76232,23.801,498.7,360.04,0.16147
861,5330.3,77294,34.296,662.62,435.49,0.20684
863,4913.4,76539,26.954,246.62,195.28,0.11618
867,4789.6,78622,35.307,176.06,115.84,0.20629
867,5360.9,76796,36.095,618.5,177.56,0.55391
871,5237.5,77231,37.554,926.94,276.8,0.54011
876,5569.7,76582,34.495,634.17,410.24,0.21441
881,5953.4,77628,34.263,183.38,130.13,0.16984
882,5301.7,76246,37.417,361.56,246.56,0.18911
884,4259.6,78363,34.058,398.72,192.59,0.34861
885,3567.2,77548,38.758,471.5,437.11,0.037846
885,4930.7,76019,39.083,427.44,254.61,0.25339
886,4048.9,77208,31.398,511.48,234.87,0.37062
887,4089.6,77318,23.865,702.75,596.79,0.081541
888,5147.3,77604,36.394,366.75,243.58,0.2018
891,3867.7,77329,29.73,743.07,552.47,0.14712
903,4345.3,77844,37.069,458.23,142.74,0.52496
908,6103.9,76506,33.574,277.44,106.91,0.44368
912,4929.3,76230,27.263,1392.9,637.97,0.37173
912,5168.2,76336,39.157,1371,566.05,0.41556
915,5394.1,78295,40.861,432.29,259.96,0.24894
918,4179.4,77295,27.251,454.46,363.3,0.11148
926,3696.2,78217,35.222,448.75,348.09,0.12633
926,5456.2,76477,35.212,528.68,297.84,0.27929
927,4879,76182,24.86,1910.1,618.61,0.51073
933,5309.4,76209,35.68,354.64,410.21,-0.072658
935,5602.3,78074,35.753,308.2,268.49,0.068865
941,4935.4,77316,33.326,635.62,183.58,0.55181
943,5529.3,78634,32.315,444.45,390.88,0.064131
949,5276.5,77662,27.166,693.72,291.12,0.4088
950,4973.6,77105,34.469,625.25,323.01,0.31873
957,3950.1,77112,20.466,643,499.77,0.12533
960,4128.4,77155,30.908,209,121.29,0.26555
961,4273.3,77232,25.672,519.59,341.32,0.20707
964,4020.2,76296,31.429,341.62,237.58,0.17963
985,5549.5,76566,27.598,622.92,420.12,0.19443
988,5080.6,78075,37.628,266.65,132.4,0.33643
994,4028.9,78203,33.644,784.43,182.9,0.62185
994,5695.8,78163,33.607,646.33,354.06,0.29215
999,5390.5,76753,36.172,847.06,454.02,0.30209
1003,5544.2,76967,35.396,264.57,163.87,0.23504
1005,3803.5,77362,29.085,470.42,252.35,0.30171
1008,4893.6,78088,33.633,254.42,162.83,0.2195
1010,4181.8,77316,38.162,857.62,577.02,0.1956
1010,4352.7,78693,29.013,678.76,416.54,0.23941
1011,4462.2,77488,32.07,565.63,397.64,0.1744
1012,5561.4,76187,29.207,690.41,467.88,0.19212
1013,5404.1,76428,38.189,398.86,196.03,0.34096
1015,4156.5,77154,37.455,542.4,316.27,0.26335
1015,5520.1,77718,29.21,465.1,195.3,0.40853
1016,4068.8,77269,22.785,727.99,411.49,0.27776
1017,4237.4,75965,33.745,432.94,752.91,-0.26983
1018,4277,76287,35.676,252.63,176.05,0.17862
1020,5631.1,78646,29.064,476.79,320.17,0.19652
1021,3687.8,78230,21.427,545.6,402.53,0.15089
1051,5930.5,78192,21.618,662.96,340.56,0.32127
1052,5934.8,78275,20.85,533.17,540.54,-0.0068634
1054,3641.9,76973,32.697,242.25,203.41,0.087152
1058,4698,77884,38.392,561.7,432.42,0.13004
1063,5373.7,78250,34.53,1125.6,711.77,0.22524
1064,5504.3,78303,29.485,794.57,620.92,0.12268
1065,4779.1,75832,33.332,832.06,435.77,0.31257
1072,6137,76503,36.48,632.23,250.1,0.43309
1073,6023,76623,33.092,207.73,105.75,0.32532
1075,5997.7,77497,37.048,454.9,143.23,0.52107
1078,5481.3,76180,18.591,1186.8,928.5,0.1221
1091,5981.2,76549,29.778,584.09,518.87,0.059133
1094,5741.9,77129,31.376,286.8,130.12,0.3758
1095,4777.1,78332,35.168,416.37,161.34,0.44144
1101,3766.3,78483,35.202,384.2,201.83,0.31119
1101,6132.7,76747,28.843,224.22,103.7,0.36753
1105,5990.9,78042,35.871,348.46,282.75,0.10409
1108,4108.9,77217,32.102,329.96,126.53,0.44565
1109,4079.6,77176,36.792,451.47,426.16,0.028832
1110,3825.9,77851,28.801,170.98,184.51,-0.038056
1112,3902.6,75863,36.914,554.66,245.32,0.38669
1112,4378.3,77411,35.965,501.01,374.08,0.14505
1115,4602,75830,34.601,422.07,414.1,0.0095317
1119,4039.8,77620,35.245,291.3,135.36,0.36549
1119,5990.4,76415,31.794,470.28,335.24,0.16764
1122,4015.5,77671,27.614,1477.8,1061.1,0.16413
1123,3949.7,77301,25.815,784.29,522.35,0.20047
1133,5754.6,78586,24.092,383.52,186.49,0.34565
1137,4301.4,76295,29.007,1273.8,925.55,0.15833
1139,5226.4,76371,30.404,522.86,438.48,0.087771
1140,5388.5,77118,35.539,544.54,285.38,0.31227
1143,5044.6,75758,33.511,1019.8,534.77,0.312
1144,4271.6,75894,33.689,875.58,781.68,0.056656
1147,4479.8,77827,35.18,501.77,265.8,0.30742
1149,5907.7,78571,23.879,359.09,326.16,0.048056
1151,4026.8,77016,31.374,230.79,263.61,-0.066378
1153,6306.3,78155,33.612,791.73,846.61,-0.033501
1155,3804.4,77310,26.852,1080,764.75,0.17091
1155,5685,78465,30.131,868.09,788.02,0.048348
1157,5092.8,78471,30.023,520.2,290.62,0.28315
1160,4013.4,77174,25.677,532.22,224.09,0.40742
1164,3825.2,77208,36.04,295.08,164.2,0.28497
1166,5241.1,76487,37.386,512.92,475.73,0.037614
1168,5037.6,76302,29.164,695.16,467.83,0.19547
1173,6389.8,78240,30.687,266.83,269.43,-0.0048447
1174,5748,78491,32.443,221.49,182.44,0.096656
1176,5914.1,78196,29.614,205.96,192.55,0.033643
1177,6101.8,78163,22.085,743.04,495.34,0.20002
1178,5981.7,78155,25.58,479.95,380.03,0.11618
1185,3870.2,77425,26.657,512.69,259.45,0.32796
1186,4036.2,75799,34.1,664.06,531.57,0.11082
1187,5170.4,76503,24.5,1103,507.13,0.37007
1188,4513.6,75917,27.517,1164.8,648.84,0.28449
1189,5784.4,78717,33.485,355.94,420.58,-0.083236
1193,5237.4,76048,30.55,430.48,134.32,0.52436
1194,6106.6,78520,31.849,324.73,117.15,0.46977
1196,5901.7,78422,30.981,678.21,828.03,-0.099462
1198,5679.7,78579,26.924,489.93,419.33,0.077651
1199,3616.5,77137,30.68,1244.8,990.56,0.11374
1210,5991.7,78197,11.529,952.96,772.48,0.1046
1212,5982.5,78147,25.027,691.03,642.48,0.036406
1213,5994.6,78245,33.685,436.34,142.85,0.50674
1214,4592,75823,30.416,244.96,179.36,0.1546
1214,6010,78174,24.58,488.71,196.81,0.42582
1215,5936.4,78202,19.21,698.94,512.04,0.15433
1216,4506.9,78297,32.866,227.82,192.21,0.084775
1216,5926.9,78211,22.349,540.31,482.98,0.056026
1217,5204.1,76388,30.112,1494.2,679.36,0.3749
1218,5730.3,76860,26.775,1148.9,674.03,0.26048
1231,3936.2,77340,24.873,429.56,293.82,0.18764
1231,5347.4,76301,20.782,516.66,264.7,0.32245
1232,5267.3,76357,38.995,1031.1,695.8,0.19415
1233,5240.6,76381,34.624,735.88,469.24,0.22125
1238,3757,78002,33.238,371.37,264.86,0.16741
1239,6417.3,76397,32.885,217.96,185.13,0.081449
1240,3894.3,77194,37.468,443.23,295.11,0.20061
1242,6225.1,77977,35.723,275.35,129.15,0.36144
1248,5461.8,78480,34.059,297.43,242.64,0.10146
1252,5223.1,76337,30.548,521.34,372.19,0.16692
1254,5297.8,76678,36.267,433.25,158.04,0.46543
1257,4304.8,78634,34.662,408.47,378.16,0.038523
1258,6050,77354,33.723,556.69,220.2,0.43312
1262,6222.3,76620,35.628,651.03,517.44,0.11433
1268,6416.2,77996,32.952,316.27,208.44,0.20552
1270,6024.5,77910,38.502,550.12,280.15,0.32516
1271,4608.3,76352,29.055,493.16,395.27,0.11019
1272,5240.1,78103,37.672,436.82,312.83,0.1654
1277,3960.2,77298,30.613,947.06,627.99,0.20258
1279,3647.3,77268,34.933,696.39,643.34,0.039593
1280,4223.9,77286,38.36,489.92,172.83,0.47844
1282,4670.5,77734,34.573,407.44,102.42,0.59824
1283,5983.5,77326,30.54,157.39,110.04,0.17706
1286,5052.1,76182,32.934,632.32,338.05,0.30325
1286,6194.8,76798,34.876,239.98,133.57,0.28487
1288,6289.7,76975,35.165,282.08,108.47,0.44451
1289,5511.3,78520,31.938,296.15,239.9,0.10494
1291,5409.5,78525,33.857,568.71,572.67,-0.0034695
1293,5937.6,76548,33.763,285.72,131.28,0.37035
1298,4114.3,76095,29.957,359.63,243.52,0.19251
1300,5387.8,77955,27.801,295.08,270.29,0.043854
1303,4650.8,76442,32.197,496.26,242.98,0.34262
1305,4304.2,78430,32.682,908.69,545.71,0.24958
1314,5187.3,76028,34.127,283.63,208.45,0.15278
1316,5546.4,77039,30.345,909.27,576.05,0.22434
1321,5483.7,76355,25.808,640.68,365.94,0.27294
1322,4491,76155,34.168,346.19,120.72,0.48289
1326,5744,78527,34.856,458.18,228.42,0.33463
1329,3896.7,77358,36.461,793.45,397.88,0.33204
1331,5345.9,77916,28.843,579.01,320.19,0.28783
1332,5695.4,76324,30.846,416.77,106.05,0.5943
1333,4430.8,78541,34.664,422.07,409.14,0.01555
1335,4329.8,78637,36.336,583.57,299.76,0.32129
1336,4339.8,78422,30.553,863.98,577.79,0.19851
1336,5948.6,78268,31.607,297.77,158.09,0.3064
1337,5541.8,76671,30.752,618.16,334.79,0.29736
1341,5600.3,78571,21.94,656.11,541.88,0.095348
1347,4778.3,75951,30.33,511.62,350.79,0.18648
1347,5311.6,76802,32.957,406.06,141.09,0.48426
1358,5733.4,78643,20.321,653.57,306.05,0.36214
1364,5517.9,77207,28.328,989.22,856.86,0.071695
1364,6001.9,78150,36.207,265.55,146.73,0.28821
1365,4440,76246,32.394,156.66,110.45,0.173
1365,6024.4,78170,19.419,407.98,228.81,0.28138
1366,5732,76970,33.947,748.2,570.36,0.13487
1366,6041.6,78178,20.694,326.67,263.05,0.10788
1367,6015.2,78179,19.206,500.55,442.98,0.061019
1367,6357.5,76637,31.491,898.48,507.83,0.27779
1369,5997.5,78187,18.491,360.34,310.8,0.07381
1370,4186.7,78341,30.852,725.84,624.09,0.075368
1371,4801.7,77699,32.006,505.02,397.91,0.11863
1372,3893.6,75865,34.746,363.7,245.68,0.19366
1387,5225,76330,35.077,504.65,304.22,0.24778
1389,5246.3,78603,29.052,288.37,128.07,0.38493
1390,5729,78686,29.033,386.86,208.71,0.29911
1397,4338.1,78677,30.527,1146,626.26,0.29325
1398,6126.7,76051,31.885,521.33,355.26,0.18945
1399,6354.7,76783,29.254,216.1,106.64,0.33918
1401,5971.2,76738,33.307,729.86,399.1,0.29298
1402,5929.6,78339,37.737,240.22,200.36,0.090451
1405,3972.6,77542,27.572,640.92,287.31,0.38096
1406,4021.2,77463,38.352,391.8,181.64,0.36649
1413,4092.3,77127,34.907,166.18,158.75,0.022852
1414,5293.2,76862,32.36,280.53,232.04,0.094587
1421,4581.4,77449,34.473,474.25,263.6,0.28549
1423,5478.8,76103,30.553,215.59,170.83,0.11582
1428,6401.3,78489,33.62,404.06,135.86,0.49674
1432,3986.1,77246,34.727,514.54,338.25,0.20672
1432,4655.3,75809,22.896,297.42,204.83,0.18434
1434,4446.6,77542,33.18,170.52,178.86,-0.023892
1437,6039.6,77371,28.385,504.57,294.15,0.26344
1438,5928.5,77574,33.065,852.41,431.8,0.32752
1438,6125,77597,39.096,553.95,318.22,0.27028
1440,5439.5,77829,31.679,404.91,244.56,0.24689
1441,5282.3,78178,31.134,931.1,492.91,0.30771
1441,6038.3,76087,37.366,281.7,152.9,0.29638
1446,6202.6,76047,23.052,521.88,334.14,0.21933
1448,6287.4,76163,31.937,859.69,638.15,0.1479
1451,6068.4,77706,34.865,259.13,100.95,0.4393
1453,4672.8,75727,36.66,248.65,127.34,0.32264
1460,6066.1,78618,35.401,351.47,292.23,0.092042
1462,5895.9,78142,30.84,277.26,178.22,0.21745
1465,6228.3,76475,31.228,343.37,180.92,0.30983
1466,6127.1,78276,24.003,385.46,193.37,0.33186
1467,5493.7,76209,37.347,873.02,712.91,0.10095
1470,4915.1,77505,40.538,379.54,326.55,0.075053
1475,4060.8,77502,32.196,789.95,390.2,0.33873
1475,4554.2,75862,27.175,499.23,289.53,0.26586
1475,5547.1,78510,32.407,435.8,492.56,-0.061137
1476,4075.7,77289,33.169,347.16,177.07,0.32445
1481,5319.3,76156,34.17,501.53,336.1,0.1975
1481,6390.7,77421,35.733,308.91,241.23,0.12302
1482,5043.7,78663,39.177,522.56,265.4,0.32635
1483,5992.5,78096,23.254,395.7,354.53,0.054875
1486,5964.4,78262,18.978,829.36,539.21,0.21201
1487,5911.9,78238,33.694,495.37,314.51,0.22332
1496,6083.5,75772,36.221,251.07,142.66,0.27532
1497,5238.8,77930,31.329,301.17,176.95,0.25981
1499,5571,76230,24.329,843.63,504.55,0.25151
1500,4090.5,77357,25.861,712.7,509.83,0.16594
1503,3856.5,77474,29.923,271.22,352.04,-0.12968
1504,5711.7,76546,33.384,303.8,226.97,0.14475
1509,6017.1,76064,34.454,758.07,183.08,0.61094
1511,3964.4,77383,33.705,283.31,226.17,0.11216
1512,3872.1,77340,19.668,703.75,282.84,0.42664
1515,5082.6,76300,26.167,734.88,470.34,0.2195
1516,5964.3,77856,37.078,299.37,251.45,0.086997
1517,5947.6,77468,36.93,630.65,452.83,0.16411
1518,3500.9,76962,32.975,323.95,184.22,0.27497
1522,4536.4,77428,31.381,743.45,503.12,0.19279
1523,4144.5,77338,25.529,876.46,368.4,0.40813
1524,4143.4,77429,22.603,841.16,537.25,0.22048
1525,4215.6,77432,23.721,781.26,503.62,0.21608
1526,4184.9,77467,30.477,1014.2,916.93,0.050383
1527,3935.3,77298,25.548,499,226.29,0.37601
1532,5399.8,77722,29.554,1129.6,885.43,0.12119
1539,3925.8,77317,29.838,603.19,277.6,0.36965
1541,4011,77180,28.526,985.88,707.31,0.16452
1541,5207.4,76317,33.55,349.18,147.23,0.40681
1541,5931.1,78263,26.488,250.97,109.75,0.39148
1543,3988.4,77301,36.331,564.92,690.94,-0.10034
1544,4383,77687,29.611,606.41,348.69,0.26983
1551,5434.4,75800,30.157,598.65,291.08,0.34568
1553,6292.2,77910,36.6,337.91,153.77,0.37451
1554,5840.3,78572,29.593,188.99,108.66,0.26988
1557,5751.1,76266,34.752,379.07,272.12,0.16423
1558,4905.5,78364,24.764,1015.1,996,0.0094905
1565,3921.7,77427,32.337,304.27,253.02,0.091954
1566,6257.2,76400,33.798,203.7,100.11,0.34095
1568,6360.6,76259,35.268,503.08,227.9,0.37645
1572,4777.3,76186,36.8,585.61,118.28,0.66394
1577,5706.8,76504,27.707,380.89,328.72,0.07352
1578,5836.1,76584,24.274,362.74,229.54,0.22488
1581,5518.4,78618,32.519,332.71,167.13,0.33127
1583,5168.3,76744,41.573,759.82,396.34,0.31438
1583,6006.9,76010,28.483,674.98,144.63,0.64707
1585,5700,76611,25.317,278.74,184.66,0.20303
1586,4134.2,77498,31.797,793.18,429.79,0.29714
1588,5706.1,78522,33.404,622.78,386.62,0.23396
1589,5500.9,78186,34.318,371.71,432.41,-0.075478
1590,5154.1,75864,37.321,238.86,226.02,0.02761
1592,5752.6,76541,30.25,466.04,313.27,0.19602
1595,3922.2,77483,39.337,348.43,344.18,0.0061339
1596,5510.5,78716,36.877,656.56,148.3,0.63148
1598,6279.8,76967,36.249,634.89,232.48,0.46393
1605,3882.1,77407,24.107,933.65,469.25,0.33103
1606,5519.8,76398,30.116,581.17,271.44,0.36327
1614,5241.1,76190,32.037,349.05,139.21,0.42977
1615,4692.7,78165,36.131,289.89,119.98,0.41453
1615,6155.1,76477,29.282,304.72,180.62,0.2557
1616,6054.5,76500,33.994,416.75,273.99,0.20669
1620,5890.6,78510,29.988,406.41,173.91,0.40063
1621,5538.5,76994,33.935,357.99,246.39,0.18466
1624,4652.4,77008,30.165,333.81,140.82,0.40662
1626,5546.3,78515,32.6,687.63,712.89,-0.018041
1628,5784.1,76528,27.438,274.98,251.11,0.045363
1633,5983.8,78299,22.574,770.17,280.83,0.4656
1636,5776.7,75946,26.106,436.43,244.27,0.28229
1638,5218.2,76421,32.847,674.71,271.36,0.42634
1643,4921.3,78245,30.099,1078.4,714.57,0.2029
1649,5740.8,77678,26.694,708.37,521.02,0.15239
1656,6409.8,77827,28.83,920.68,892.55,0.015511
1657,4078.9,78265,33.574,531.44,467.02,0.064515
1659,3826,77796,33.089,741.9,406.17,0.29243
1662,4112.5,77202,31.413,718.49,223.4,0.52564
1663,4064,77558,33.503,843.07,343.83,0.42063
1665,5149.8,78680,35.591,434.96,159.78,0.4627
1675,6240.3,77170,37.047,460.6,214.8,0.36393
1677,3505.1,78441,30.582,946.92,439.92,0.36558
1681,4880.4,76180,33.033,411.99,300.31,0.1568
1682,4734.1,76276,36.898,220.36,220.28,0.00018055
1686,5599.2,77285,29.162,223.47,175.73,0.11959
1689,5881,78390,27.216,1023.8,472.72,0.36823
1693,3695.9,78278,31.941,701.47,446.45,0.22216
1694,4621.4,77904,33.443,1071.5,1246,-0.075302
1694,4583.3,77908,34.887,1056.2,1343.6,-0.11976
1694,5969.3,77702,33.348,272.47,251.01,0.040986
1699,4521.2,77761,31.788,458.51,235.7,0.32095
1711,6339.8,76688,32.299,417.61,246.46,0.25772
1712,4325,76165,30.374,789.64,498.82,0.22571
1712,5220.2,75730,26.518,464.07,241.66,0.31514
1717,5451.9,77893,24.109,331.24,172.56,0.31496
1717,6247.2,78580,26.971,387.92,229.16,0.25728
1718,4231.8,78207,29.549,532.92,339.41,0.22184
1718,5949.6,78531,24.927,467.7,188.69,0.42507
1720,5867.5,78221,34.431,833.12,616.91,0.14911
1721,4447.5,76050,30.259,462.16,329.63,0.16738
1721,5976.4,78225,35.75,259.4,179.22,0.1828
1722,4504,77959,32.541,214.93,148.3,0.18344
1726,5105.8,77894,32.619,354.59,208.21,0.2601
1727,4371.3,76514,37.429,339.87,267.37,0.1194
1735,4287.5,77901,31.521,349.13,256.7,0.15257
1738,3844.6,78191,25.72,852.64,332.34,0.43908
1738,5266.9,76341,27.855,230.85,120,0.31594
1741,6137.4,76819,31.755,651.8,601.94,0.039773
1742,4343.9,77311,32.718,603.66,347.59,0.26919
1743,4392.2,77015,31.772,170.65,153.8,0.051947
1749,4419.2,77540,30.487,497.66,319.74,0.21767
1752,4260.5,77415,32.793,234.44,109.61,0.3628
1753,3953.4,77495,28.363,448.97,217.54,0.34723
1757,4960.1,76058,34.526,383.96,104.14,0.57327
1760,5694.6,76084,24.478,674.19,191.16,0.55819
1772,5499.1,76373,23.49,369.01,204.03,0.2879
1777,3948.9,77508,26.849,1034.5,346.6,0.49808
1777,5601.3,75827,36.336,209.56,242.39,-0.072635
1778,5633.7,77831,25.151,502.39,205.61,0.41919
1780,5009.6,78654,21.464,1231.7,442.21,0.47166
1788,6243.4,76536,35.107,751.31,745.21,0.0040784
1790,5097.8,76309,27.113,581.55,130.5,0.63346
1790,5838.8,78712,24.163,499.24,306.66,0.23895
1795,5981.9,76518,31.332,644.89,286.71,0.38448
1801,4297.1,75978,36.208,409.36,595.88,-0.18554
1807,3675.5,78226,34.263,412.55,287.83,0.17808
1807,5449.4,77195,29.903,376.05,196.18,0.31434
1810,6031.8,77453,27.397,434.17,282.45,0.21171
1813,6060.1,76870,24.208,1228.6,614.96,0.33285
1814,5733.3,77385,43.071,1075.1,619.43,0.26892
1814,5653.1,77714,33.082,898.69,706.37,0.11982
1815,6325.3,77319,35.885,475.11,278.44,0.261
1818,5423.2,76003,30.724,349.89,212.45,0.24441
1822,3667.7,77259,32.586,782.46,308.74,0.43413
1827,6251,76380,32.105,523.63,323.07,0.23687
1834,5175.9,78159,29.338,284.19,172.15,0.24552
1836,5999.2,75821,32.016,311.36,143.52,0.36897
1838,5861.2,76307,27.993,278.88,108.55,0.43964
1842,4371.7,77267,36.592,756.23,549.36,0.15845
1842,5267.7,77819,35.225,364.91,207.96,0.27396
1844,5412.3,78667,31.097,236.31,112.95,0.35321
1844,5924.9,75965,32.864,403.08,148.69,0.46104
1848,5979.8,78185,26.18,283.87,424.05,-0.19801
1851,5961.9,77317,31.486,471,429.8,0.045732
1851,6246.6,78149,34.738,249.37,201.01,0.10739
1854,5091.7,78181,32.055,892.53,572.51,0.21844
1854,6060.5,75826,40.755,541.07,183.99,0.49248
1855,5999.5,75938,33.891,497.45,350.3,0.17358
1859,5589.3,78344,31.427,433.45,301.05,0.18025
1866,3616.8,76941,33.264,273.07,225.48,0.095449
1867,5342,76747,36.723,615.91,237.32,0.44372
1870,5912.7,78179,22.641,519.51,393.99,0.1374
1878,3975.9,78281,37.411,427.54,162.18,0.44997
1878,4006.2,77267,29.613,819.6,871.94,-0.030943
1885,3525.4,78180,35.966,728.15,476.56,0.20883
1885,3811.1,78431,33.619,553.51,317.23,0.27136
1889,4533.4,75944,27.782,304.32,206.64,0.19118
1892,6238.6,78119,34.73,438.99,223.04,0.32619
1896,3876.7,76737,34.385,881.85,678.6,0.13025
1897,3840.3,76890,35.549,553.62,344.13,0.23336
1897,3825.8,77071,37.476,660.32,355.88,0.29959
1898,5134.4,78656,29.232,244.48,157.71,0.21576
1899,5687.6,76078,33.719,485.64,214.67,0.38692
1900,5593.5,75869,29.849,363.93,298.41,0.098912
1905,4077.7,77376,29.379,219.69,101.87,0.36641
1908,3914.6,77186,32.621,432.4,263.34,0.243
1916,6278.7,76956,29.373,363.59,179.12,0.33991
1917,6266.1,76900,38.513,558.05,307.2,0.28992
1920,5380.3,77105,48.723,488.55,376.41,0.12965
1922,3987.7,77534,22.793,1379.6,905.49,0.20748
1923,3888.9,77479,30.959,1324.7,1133.6,0.077747
1924,5294.3,78437,31.403,508.04,340.47,0.1975
1924,5772.5,77020,31.098,731.98,1053.3,-0.17998
1925,5451.7,75824,32.422,233.02,130.95,0.28043
1925,5835.1,77048,37.035,734.34,693.4,0.02867
1927,5809.6,78507,26.043,456.95,301.02,0.20572
1928,3985.2,77453,22.094,706.84,295.37,0.41056
1928,5867.8,76299,28.806,289.37,183.78,0.22316
1929,3693,77397,31.993,1285.6,749.27,0.26357
1929,4794.1,75926,34.391,439.74,179.45,0.42036
1929,4798.2,76012,30.997,635.25,242.48,0.44749
1929,4997.4,77991,31.14,308.5,181.31,0.25967
1929,6154.2,78447,38.087,312.94,118.45,0.45085
1930,3885.2,77196,19.299,701.53,273.37,0.43918
1931,3877,77119,26.488,579.4,619.98,-0.033837
1940,6312.6,77065,24.789,599.52,202.67,0.49471
1940,6330.8,78647,24.517,494.62,154.52,0.52391
1941,6086.1,77777,43.287,572.22,476.87,0.09089
1942,5743.8,78622,34.741,350.69,429.2,-0.10068
1947,4258.1,77727,36.555,591.45,279.58,0.35804
1955,4464.4,77859,26.051,1295.4,963.53,0.14692
1955,5952.9,78336,30.707,556.4,239.35,0.39843
1956,5901.2,78273,18.445,849.34,680.96,0.11004
1957,4674.2,75743,34.245,256.73,369.35,-0.17988
1957,5836.9,78275,25.913,301.96,253.76,0.086732
1958,5421.3,78231,28.75,360.38,164.23,0.37389
1960,5206.1,77010,28.177,364.05,146.58,0.42587
1961,5504.9,76198,24.9,1168,782.99,0.19736
1967,4665,76281,37.685,509.23,385.43,0.13838
1970,4570.4,75976,31.479,702.77,335.92,0.35319
1971,5963.7,76658,34.18,404.67,226.5,0.28228
1972,5722.7,78518,19.013,1069.1,544.54,0.32508
1975,4290.5,77268,35.117,452.87,298.77,0.20502
1975,5011.6,78585,27.048,653.39,311.55,0.35426
1978,4610.9,76368,32.262,1060.7,703.88,0.20221
1978,4598.2,76392,35.398,917.29,620.97,0.19263
1980,4753.8,76540,35.533,125.61,205.45,-0.24118
1981,4416.8,78340,34.275,419.92,170.75,0.42185
1985,5217.3,75957,28.149,627.38,276.53,0.38814
1986,5117.9,77061,37.629,775.13,352.95,0.37425
1998,4713,76830,31.666,443.06,137.65,0.52593
2000,4026.8,77355,30.071,292.59,119.47,0.42012
2000,5591.7,76155,32.155,752.21,350.98,0.3637
2003,5307.5,78546,27.646,768.58,367.69,0.35281
2021,4738.5,75767,26.856,464.74,313.88,0.19376
2021,6249,76578,26.572,435.62,363.7,0.08997
2026,5978.2,77378,37.005,527.6,355.56,0.19481
2031,5874.9,76041,23.461,422.03,156.99,0.45775
2034,6107.5,78217,28.488,945.39,606.86,0.21809
2034,6357.3,78238,31.213,985.67,547.82,0.28552
2036,6234.6,77938,34.407,304.37,204.01,0.19741
2042,5814,78296,21.922,304.24,310.21,-0.0097091
2043,4366.9,77819,35.426,412.99,307.59,0.14627
2043,5451.9,76060,37.152,552.77,204.05,0.46076
2043,5795.1,78468,22.007,564.62,563.67,0.00084053
2044,5131,76254,27.405,941.48,697.05,0.14918
2045,5004.5,76153,24.449,1535,938.74,0.24104
2049,3940.5,77115,40.576,914.11,635.44,0.17984
2049,5793.1,76232,25.573,378.37,135.49,0.47265
2049,5884,78498,24.523,513.11,452.63,0.062623
2050,5846.9,78557,21.19,492.17,385.04,0.12213
2050,5855.5,76120,35.584,716.57,322.02,0.37989
2051,5725.2,75903,23.077,826.41,447.87,0.29706
2051,5756.9,78348,24.863,608.01,419.98,0.18291
2052,4880.4,78085,36.705,365.92,155.29,0.40411
2052,5681.9,78273,26.447,634.86,386.49,0.24317
2053,3751.6,77254,32.342,988.3,421.61,0.40194
2056,3732.2,76520,27.255,928.56,495.27,0.30431
2062,5772.7,78536,30.881,453.04,158.3,0.48213
2067,5489.6,78022,33.403,492.26,391.74,0.11372
2077,5427.7,76430,26.243,735.81,372.68,0.3276
2078,5705.3,76990,34.585,469.23,422.23,0.052723
2082,4618.4,77854,35.496,523.39,220.23,0.40768
2082,5371.9,76685,34.532,253.2,201.53,0.11362
2084,4741,76701,33.773,262.56,245.29,0.033994
2092,3977.7,77197,36.685,360.26,411.53,-0.066427
2093,5797.4,78531,34.072,855.15,555.14,0.21273
2097,5720.7,78362,27.685,1067.5,542.36,0.32619
2099,4181.1,76665,19.965,354.2,337.4,0.024286
2101,5042.1,76400,35.486,434.71,350.7,0.10697
2104,5517.3,76236,25.897,471.6,342.18,0.15904
2109,4948.1,76256,18.536,587.45,440.21,0.14328
2110,5500.5,78559,31.871,867.57,589.33,0.19098
2111,3890.9,78177,30.85,256.11,370.88,-0.18304
2111,5747,78650,26.156,322.25,234.02,0.1586
2111,5878.3,78186,30.929,382.9,394.92,-0.015457
2112,5906,78116,22.469,442.63,474.92,-0.035199
2117,4070.6,77324,32.301,1012.4,668.25,0.20479
2118,4749.8,78545,31.19,166.13,136.9,0.096466
2118,5658.4,76407,29.854,347.55,102.52,0.54441
2119,5201.8,76259,26.546,859.92,302.45,0.4796
2121,4752.7,76132,28.639,490.75,278.76,0.27549
2126,5066.6,76083,37.184,315.03,207.19,0.20651
2127,4859.1,76195,26.459,708.03,532.53,0.14147
2131,5211,75843,32.36,274.41,113.39,0.41521
2140,4631.1,76174,26.797,702.93,289.63,0.4164
2141,4642.8,76131,29.266,768.51,447.51,0.26397
2143,5847,78244,26.061,358.73,233.98,0.21047
2143,6177.8,75741,34.92,268.96,191.15,0.16911
2144,4372.7,75964,37.882,308.98,363.56,-0.08116
2144,5760.6,78375,34.4,542,333.23,0.23853
2145,5950.5,75972,26.579,881.99,656.44,0.14661
2145,6061,77557,34.448,182.63,244.18,-0.14421
2155,5695.9,78383,27.542,569.87,289.04,0.32697
2160,5768,77369,24.657,284.57,196.01,0.18427
2161,6299.6,78298,36.767,480.96,297.51,0.23566
2163,4706.4,75965,34.833,348.62,291.61,0.08904
2166,5523.6,78301,36.413,382.09,195.71,0.32256
2176,6355.3,77333,32.619,493.33,291.82,0.25665
2180,6358.4,76578,34.528,304.2,121.16,0.4303
2182,3667.1,75791,31.902,697.32,316.82,0.37519
2186,5279.1,75948,36.195,479.97,223.1,0.36537
2191,5051.8,76234,38.512,629.95,284.29,0.37809
2192,4951.4,76265,31.24,418.75,232.01,0.28696
2193,3908.4,77489,33.739,676.36,396.58,0.26076
2197,5617.7,78486,38.487,377.23,175.64,0.36461
2198,5407.5,76692,32.494,557.61,284.32,0.3246
2199,5457.4,78556,26.196,725.16,425.7,0.26021
2199,5820.6,76932,30.724,608.7,272.46,0.3816
2200,3884.5,77194,23.577,608.11,202.24,0.50086
2200,5521.4,78492,22.057,860.27,373.18,0.3949
2201,4895.4,76222,31.085,482.85,455.91,0.028704
2202,3888.7,77239,31.525,397.08,310.91,0.12171
2202,4664.1,76109,38.385,855.66,485.23,0.27626
2203,3955.5,77236,18.825,1372.4,840.96,0.24011
2204,4141,77584,34.505,910.68,446.35,0.34217
2205,6046.8,78600,32.865,352.61,261.03,0.14923
2205,6119.5,78605,30.909,413.69,290.97,0.17416
2208,4732.1,75795,36.314,221.98,137,0.23674
2209,3631.3,78238,20.971,785.61,365.1,0.36543
2215,5831.4,76703,33.771,563.23,295.61,0.31161
2216,4951.3,76242,28.786,422.72,182.85,0.3961
2216,5138.4,78036,38.01,244.17,216.31,0.060507
2216,6346.6,76089,37.393,680.24,498.3,0.15438
2217,3645.3,78690,33.476,425.4,388.23,0.045675
2217,3926.3,77204,33.7,488.52,408.68,0.088978
2218,5133.2,78426,30.26,573.72,251.45,0.39055
2218,6359.9,78621,34.217,377.3,152.24,0.42502
2220,5892,76280,33.822,313.28,206.78,0.2048
2224,6062,76714,29.766,456.84,348.52,0.13451
2225,5757.4,78408,33.593,581.53,216.82,0.45682
2226,5410.7,76557,36.05,439.79,210.55,0.35249
2227,4399.8,76246,24.628,1094.3,742.94,0.19126
2228,5307,77235,33.523,907.08,590.33,0.21153
2229,4160.3,77426,38.124,582.28,381.36,0.2085
2230,3995,77307,23.879,567.21,392.02,0.18263
2230,5255.5,77340,26.554,831.95,211.03,0.59534
2232,4543.2,77837,34.079,473.44,214.94,0.37552
2239,4595.6,76909,39.719,311.77,122.24,0.43669
2245,3903.9,77552,34.199,512.99,380.64,0.1481
2246,5620.5,77444,25.15,710.19,493.63,0.17989
2247,5910.7,75814,32.762,515.46,235.55,0.3727
2248,5852.9,77579,31.852,518.89,333.83,0.21702
2249,3699.3,77124,32.548,406.21,130.02,0.51506
2249,6042.1,78439,30.08,542.79,313.27,0.26812
2249,6149.4,76615,30.604,457.81,124.76,0.5717
2250,6376.3,76400,31.035,439.83,337.02,0.13235
2253,4157.9,77651,29.584,448.32,245.48,0.29236
2255,5950,78226,36.915,224.07,234.04,-0.02177
2257,5279.1,77082,33.043,250.01,131.3,0.31132
2259,4808.9,77601,32.801,236.42,122.65,0.31683
2264,3846.8,78312,39.094,603.67,321.02,0.30567
2267,5752.3,78371,31.371,291.54,202.22,0.1809
2267,6397.7,78209,28.393,313.65,109.8,0.4814
2269,4943.6,75865,18.507,1117.4,621.84,0.28493
2272,3809.9,77080,28.299,744.48,391.81,0.31037
2273,5456.7,77269,35.248,504.33,283.09,0.28097
2273,6339.7,76420,9.483,1873.3,205.99,0.80187
2276,5726.5,78635,32.285,792.88,321.58,0.4229
2278,4734.6,76078,25.028,670.61,328.36,0.3426
2281,6018.7,76438,33.324,409.19,182.61,0.38286
2285,5758.4,77774,39.048,637,358.29,0.28003
2296,3813.2,77290,28.54,748.07,417.88,0.2832
2296,4344.6,76141,29.391,263.47,136.39,0.31783
2297,4392,76323,32.415,1051.1,492.46,0.36193
2299,5873.1,76130,29.852,565.48,380,0.19617
2304,5496.3,77805,37.027,261.91,169.84,0.21325
2307,6074.2,77090,27.3,247.47,171.33,0.18182
2308,5904.6,77284,33.829,282.1,201.57,0.1665
2309,4584.4,77847,23.154,948.75,595.84,0.22848
2309,5926.9,77570,36.822,446.11,172.73,0.44177
2310,4387.5,77590,30.34,1344.5,881.78,0.20786
2313,3860.6,77216,26.409,878.99,528.78,0.24877
2316,4270.2,78407,32.097,298.86,109.79,0.46267
2318,4325.3,76281,37.841,306.25,117.68,0.44481
2321,3709.9,77227,35.342,367.56,114.96,0.52349
2324,4091,77382,26.141,674.77,535.33,0.11523
2326,3938.9,77355,25.998,921.95,446.13,0.3478
2330,4144.8,78316,35.746,267,199.56,0.14454
2333,4361.7,76251,33.293,239.39,104.12,0.39381
2334,3472.1,78545,23.344,268.13,135.63,0.32815
2334,5508.4,76108,10.711,817.13,428.22,0.31229
2335,5513.8,76088,12.14,478.85,265.88,0.28597
2335,5480.4,78113,29.101,1025.3,554.61,0.29791
2335,6206,77170,35.036,300.83,145.23,0.34883
2336,5383,77511,33.875,660.14,421.27,0.22089
2337,5477.6,76006,19.866,988.32,738.3,0.1448
2347,5071.6,78432,33.529,670.44,413.28,0.2373
2349,4793.8,78160,35.442,591.23,514.49,0.069406
2349,5838.2,77371,34.975,320.75,143.65,0.38135
2350,3792.6,76853,29.437,847.99,666.56,0.11979
2350,5894.4,78685,23.599,483.41,379.24,0.12075
2352,5946.4,78614,39.616,300.41,136.37,0.37556
2354,5057.9,76418,27.615,534.34,576.07,-0.037582
2355,5787.6,78715,36.024,675.96,511.49,0.1385
2358,4870.2,75901,32.43,519.21,382.48,0.15164
2362,6069.5,77092,29.581,428.96,331.43,0.12825
2364,5313.5,77095,38.38,544.72,476.92,0.066362
2364,5429.8,78317,29.163,269.25,129.34,0.35099
2367,5325.9,76484,31.038,508.3,487.95,0.020426
2368,4205.5,76183,32.25,223.69,145.48,0.21184
2372,4012.9,77831,35.347,302.96,166.27,0.2913
2378,4666.2,76063,33.735,638.5,288.46,0.37762
2378,4675.6,76119,34.496,670.24,308.65,0.36938
2380,5301,76359,32.067,291.88,194.36,0.20058
2387,5377.8,76249,24.103,846.17,498.26,0.25877
2389,5451.7,78453,29.571,638.15,443.69,0.17976
2390,5365.5,78331,29.959,708.41,229.39,0.51079
2392,6322.3,78706,37.27,662.68,718.88,-0.040675
2393,5628.5,78535,26.71,681.43,541.07,0.11482
2393,5669.3,78523,28.087,845.07,635.35,0.14167
2395,5287.4,76072,30.233,462.11,185.36,0.42742
2396,5907.8,77623,33.12,213.98,154.97,0.15994
2397,4119,77490,32.382,847.38,694.15,0.099405
2398,5791.4,77195,30.365,341.74,394.95,-0.072232
2399,3932.2,77239,23.356,683.62,467.05,0.18822
2399,5998.2,77214,21.753,269.57,226.85,0.086052
2400,6002.8,77035,34.953,397.2,444.29,-0.055967
2402,3816.1,77222,18.262,539.27,338.59,0.2286
2402,4523.8,77886,29.74,380.23,340.88,0.054578
2403,5657.8,77031,27.696,264.64,177.15,0.19804
2405,4451.6,77680,25.043,1246.9,880.33,0.17232
2406,5208.9,76426,28.192,914.71,643.61,0.17396
2406,5713.9,77353,33.084,363.95,230.28,0.22494
2410,3877.1,77173,18.066,641.06,321.85,0.3315
2413,4372.1,76311,32.41,772.63,488.63,0.22518
2418,4663,76374,39.349,170.05,166.98,0.0091004
2424,6185.1,78205,33.261,534.17,583.64,-0.044257
2425,6102.5,75971,34.858,491.73,367.37,0.14476
2429,4585.3,77344,36.337,371.7,158.13,0.40307
2430,4039,78314,33.694,424.62,388.94,0.043857
2430,5534.2,76760,32.354,797.04,638.92,0.11011
2431,6386.4,77427,31.621,458.3,344.8,0.14134
2432,5675.4,78701,25.904,1463.9,717.84,0.34196
2433,3850.1,76787,33.956,279.66,130,0.36532
2436,5864.9,76469,24.487,652.8,226.48,0.48485
2437,4299.3,75962,28.227,444.98,497.27,-0.055488
2439,5603.9,78331,32.97,512.93,384.44,0.14319
2443,5185.6,77618,29.328,918.53,614.39,0.1984
2449,3797.7,77121,23.208,1404.2,606.23,0.39693
2450,5678.9,78545,23.338,287.42,171.64,0.2522
2451,4456.9,77704,32.431,443.24,184.05,0.4132
2453,5943.5,78164,29.78,337.71,164.06,0.34607
2455,4689.7,77383,31.374,965.13,636.97,0.20483
2458,3980.2,77362,28.573,766.35,366.78,0.35263
2464,4895.8,76914,24.676,837.49,602.49,0.1632
2464,5620.3,77400,37.22,321.61,238.54,0.14831
2465,3892.5,77467,25.969,612.93,347.17,0.2768
2477,4200.5,75955,33.701,251.6,180.49,0.16456
2480,4521.1,78066,36.198,573.31,590.76,-0.014995
2482,4176.5,75860,42.044,1127.6,793.45,0.17394
2483,6320.7,76777,36.748,316.05,312.59,0.0055028
2493,5566.2,78427,28.499,555,345.67,0.23242
2494,4439,78662,30.193,489.76,290.79,0.25491
2494,5629.7,78501,33.814,647.03,403.05,0.23235
2496,4136.5,77418,31.39,942.39,616.68,0.20892
2496,5995.4,78614,29.688,748.23,409.65,0.29241
2497,4031.4,77533,31.036,1088.5,785.3,0.16183
2497,4432.4,77629,31.575,1503,1183.1,0.11909
2497,5992.8,78434,32.182,631.89,369.8,0.26164
2497,6033.4,78668,29.747,1089.9,677.78,0.23315
2498,4381.3,77791,31.576,725.85,971.18,-0.14456
2498,6035.6,78352,26.927,549.24,226.74,0.41561
2500,6126.8,77872,32.874,156.21,129.81,0.092288
2502,4912.6,76449,29.659,295.37,133.76,0.3766
2512,3991.9,77352,32.952,394.24,280.74,0.16815
2516,6334.7,78343,36.911,487.06,197.22,0.42357
2517,3805.3,77458,26.269,1259.7,793.49,0.22706
2518,3906.5,77324,16.722,936.05,353.31,0.45196
2518,6023.3,76466,26.031,797.89,455.4,0.27327
2520,4035.4,75748,37.934,485.43,380.89,0.12067
2521,4167.3,78645,28.754,1046.5,713.85,0.18897
2526,4216,75850,29.972,623.32,244.62,0.43633
2530,6338.3,77680,28.847,287.88,136.68,0.35614
2532,3864.1,76571,36.741,511.54,778.75,-0.2071
2533,4006.5,76107,36.677,500.44,534.95,-0.033324
2534,5220.9,77963,32.728,203.98,144.57,0.17045
2536,5162,77736,34.266,252.5,214.88,0.080482
2537,3550.7,78296,31.068,590.02,529.47,0.054088
2538,3467.9,78695,35.484,376.45,172.3,0.37204
2538,6229.3,78305,32.313,325.46,241.56,0.14796
2540,3829.4,76811,35.388,476.33,139.27,0.54753
2540,5022.3,76415,27.627,410.45,316.88,0.12866
2543,4238.5,75908,34.783,217.87,100.81,0.36735
2544,5281.5,75786,32.336,247.89,204.3,0.096386
2546,3459.7,78142,31.8,315.42,194.58,0.23694
2548,3707.4,78110,35.272,419.81,278.27,0.20276
2548,4134,75746,27.552,270.86,106,0.43746
2548,4902.3,77938,19.425,1075.5,743,0.18285
2548,5818.2,78282,29.349,507.91,147.34,0.55029
2549,4804.5,78174,33.855,502.38,367.74,0.15474
2550,3719.3,78505,34.852,291.1,179.08,0.23824
2550,4459.9,76360,36.498,358.03,115,0.51377
2550,5441,75969,37.025,391.23,131.82,0.49596
2551,5203.1,76925,35.405,571.37,422.84,0.1494
2552,4943.3,76209,31.525,1096.5,718.91,0.20799
2553,5071.3,76306,18.826,1395.8,828.29,0.25515
2559,4210.5,76513,28.804,892.49,333.2,0.45631
2560,4489.2,76731,31.875,564.58,381.42,0.19362
2561,4431.5,75756,36.959,462.88,905.3,-0.32336
2561,4473.9,78236,31.903,380.03,346.43,0.046244
2562,4419.4,78048,30.611,264.9,199.31,0.14131
2563,4543.1,77175,37.897,954.69,579.1,0.24488
2563,5772,77816,29.28,436.59,312.22,0.1661
2567,5055,78320,33.306,496.08,379.03,0.13375
2567,5719,76456,37.078,574.71,317.24,0.28865
2568,3975,77164,28.037,406.05,219.78,0.29764
2569,4870.7,78225,32.173,928.28,472.2,0.32566
2569,5516.2,78278,30.292,467.43,244.47,0.3132
2570,5158.7,76145,26.218,525.92,234.99,0.38234
2571,5103.7,76199,22.238,876.93,641.92,0.15473
2571,6402.2,77477,38.147,259.78,239.3,0.04103
2575,6291.3,76281,26.308,451.52,205.65,0.37413
2584,6297,78708,31.625,487.09,321.09,0.2054
2585,4950.7,76221,25.59,504.66,289.09,0.27159
2586,5784,76029,28.226,1136.9,760.73,0.19822
2587,5755.3,76111,23.468,879.93,521.73,0.25555
2593,3674.3,77580,33.955,551.01,190.88,0.48542
2596,4163.7,75972,32.774,454.93,296.73,0.21047
2600,5147.1,75968,28.448,279.03,124.46,0.38308
2601,5023.1,75901,30.323,261.55,245.4,0.031866
2602,4885.2,77036,38.816,431.42,285.42,0.20367
2606,3522.5,78205,32.382,271.29,250.7,0.039445
2606,5381.1,78362,27.833,490.15,312.19,0.2218
2607,4938.1,78470,32.753,182.96,189.06,-0.016408
2610,3873.7,78617,32.587,190.24,131.59,0.18222
2612,5301.9,76104,38.681,683.44,323.42,0.35756
2612,6048.1,78318,36.679,223.86,127.64,0.27372
2614,4853.6,76162,28.158,883.67,525.7,0.25399
2615,4922,76038,28.311,541.73,379.81,0.1757
2622,5143.4,75844,31.752,464.29,233.19,0.33134
2624,5957.8,78163,25.752,323.77,272.25,0.086436
2625,5537.6,76659,31.526,404.34,215.62,0.30441
2626,4331.2,76029,34.699,589.91,247.27,0.40929
2627,5994.2,77320,38,615.48,784.01,-0.12042
2628,5865.9,78279,34.069,830.78,275.04,0.50255
2629,4862.7,78405,31.659,263.1,129,0.342
2629,5163.6,76510,27.899,489.54,317.31,0.21346
2630,5044.1,76455,31.541,605.85,762.76,-0.11465
2633,3566.7,78688,37.604,346.26,250.24,0.16097
2636,4261.8,77639,14.244,1139.5,1126,0.005972
2637,3989.2,77429,13.991,1053.8,1136.2,-0.037623
2637,4681.9,76324,35.884,763.78,351.91,0.36916
2638,4061.5,77112,23.31,1125.4,1197.3,-0.030933
2639,3959.6,76798,24.358,622.12,450.87,0.1596
2639,5845.7,78681,34.235,384.58,246.53,0.21874
2640,5899.7,78569,30.337,430.67,134.57,0.52385
2641,5781.2,78381,27.081,472.96,377.15,0.1127
2647,4109.6,78443,24.59,655.73,264.24,0.42555
2648,5699.1,75761,39.577,328.65,166.82,0.32662
2649,6388.4,78035,29.853,598.77,377.06,0.2272
2650,4758.3,76555,32.192,608.05,413.12,0.19089
2650,5277.9,77445,35.13,494.09,221.53,0.38087
2654,3461.3,77877,34.501,331.19,215.83,0.21087
2655,3912,77280,12.808,2057.2,1244.1,0.24629
2661,4362.5,78481,28.668,748.69,477.75,0.22092
2668,5524.5,76159,33.188,867.07,527.86,0.24318
2668,6146.7,77071,31.88,500.21,390.96,0.12259
2669,6204.3,77032,30.239,806.49,887.26,-0.047686
2676,3762.9,78349,29.248,955.6,663.29,0.18056
2676,5266.6,78356,33.15,732.52,534.31,0.15647
2677,5430.1,78353,26.975,703.49,517.77,0.15208
2678,5485.7,78494,31.007,424.37,320.92,0.13881
2680,5737.1,78293,31.546,559.43,166.34,0.54162
2681,5103.5,78073,23.755,941.73,976.1,-0.017921
2686,5403.2,76031,36.991,502.92,144.4,0.55385
2687,4723.4,76250,34.566,346.77,338.73,0.011728
2689,6070.8,76640,29.837,299.98,175.52,0.26176
2694,4847.5,78598,33.769,740.89,483.47,0.21025
2702,5100.8,76263,28.337,912.27,572.61,0.22875
2705,5775.7,78295,35.052,207.42,178.39,0.07524
2711,5144.2,75905,30.044,362.47,311.01,0.076403
2712,5127,75926,26.681,292.32,158.6,0.29654
2715,5518.8,78271,28.337,653.94,501.54,0.1319
2717,4687.9,78015,38.597,512.83,574.22,-0.056482
2718,4532.7,77532,25.674,487.79,450.17,0.040112
2720,5391.3,78580,33.362,708.14,540.9,0.13389
2723,5836.8,78374,36.055,289.61,212.96,0.15251
2724,4619.4,77807,26.568,650.06,514.57,0.11635
2732,5907.8,78667,31.04,619.19,367.99,0.25446
2734,4545.8,78528,24.041,586.33,655.18,-0.055459
2738,4754,76775,24.541,494.9,157.12,0.51805
2739,4019.5,77593,34.234,401.17,150.17,0.45525
2739,5533.2,76323,33.78,510.66,371.34,0.15796
2739,6133.1,75738,27.018,245.44,218.5,0.058078
2740,4970.7,78539,35.029,660.33,569.44,0.073909
2742,5359.2,78553,37.217,402.65,349.26,0.071005
2744,4366.3,77844,32.952,556.91,453.09,0.10279
2745,5806.4,78714,39.159,246.72,300.93,-0.098977
2746,5193.5,76913,33.231,504.92,271.82,0.30011
2747,3963.1,77338,24.094,587.16,421.22,0.16456
2747,5903.3,77821,28.471,436.11,214.64,0.34034
2748,3666.7,78579,34.345,638.3,490.78,0.13065
2748,3847.5,77324,19.677,700.23,849.21,-0.096146
2748,6419.6,77733,30.076,348.81,270.73,0.12602
2749,3839.8,77381,31.615,890.43,845.7,0.025766
2750,3836.2,77447,31.499,479.85,288.95,0.2483
2750,5748.5,76663,37.46,561.07,461.61,0.097252
2753,4131.7,75947,26.103,558.42,312.79,0.28195
2754,5109.7,76025,28.96,341.82,392.97,-0.069614
2754,5670.6,78206,28.756,457.01,195.33,0.40114
2755,4314.9,78651,33.504,567.2,384.38,0.19213
2755,4827.7,75823,29.032,389.39,395.83,-0.0082031
2755,5867.1,78208,29.974,314.77,125.84,0.42878
2759,5282.7,77092,27.682,207.41,110.41,0.3052
2759,5658,78417,24.768,275.68,269.45,0.011422
2760,4551.2,75926,38.772,297.17,219.26,0.15086
2760,4789.1,77162,33.459,411.05,463.02,-0.059452
2765,5131.1,77632,35.872,442.98,302.58,0.18832
2767,5054.3,77635,21.151,275.57,218.3,0.11596
2768,5856.7,78133,28.388,287.32,210.57,0.15414
2770,5837.4,78303,21.397,1027.7,594.51,0.26702
2770,6306.3,75872,40.485,290.13,445.43,-0.21114
2771,4717,76036,31.458,498.14,109.29,0.64016
2771,5791.9,78232,19.609,362.27,229.68,0.22399
2779,5231.2,77166,34.959,573.8,487.61,0.081203
2780,5000.1,78556,33.687,327.74,138.45,0.40603
2782,6348,77211,32.411,518.39,440,0.081798
2783,4955.4,78662,32.388,584.39,456.32,0.12307
2784,5665.8,78548,33.236,410.11,177.23,0.39649
2784,5828.3,77556,40.574,552.28,380.39,0.1843
2785,4000.8,77431,26.978,1045.4,467.88,0.38162
2786,3950.7,75777,32.305,1416.4,1189,0.087259
2786,5699.5,77661,31.087,244.92,137.48,0.28096
2794,4990.8,76107,31.289,558.63,297.53,0.30497
2796,4153.5,75745,32.395,506.84,385.93,0.13544
2799,3799,77220,31.173,531.74,196.71,0.45992
2799,4370.9,77758,28.156,543.64,376.19,0.18204
2800,4864.2,75909,25.078,763.32,363.83,0.35443
2802,5515.5,77566,29.232,318.19,138.73,0.39276
2803,3860.8,77323,37.65,805.12,268.23,0.5002
2803,5132.3,77831,34.256,789.69,571.54,0.16026
2804,5123.9,78512,22.506,816.19,595.22,0.15656
2804,5976.8,76243,33.343,609.73,237.4,0.43951
2806,5917.4,76466,29.189,499.22,424.25,0.081188
2808,4728.5,78282,32.311,325.4,246.74,0.13748
2809,5961.5,76147,37.588,500.8,217.9,0.39363
2813,3969.2,77726,34.589,367.74,378.26,-0.014098
2814,3940,77401,21.689,589.15,424.06,0.16294
2815,5912,77598,32.466,685.68,327.84,0.35306
2817,5942.2,78280,26.015,373.4,261.16,0.17688
2826,4372.9,77596,36.552,539.72,559.31,-0.017816
2826,5821.7,78502,24.787,366.19,127.56,0.48331
2827,5998.3,76918,29.043,480.8,354.28,0.15151
2828,6231,76257,28.317,357.03,261.83,0.15383
2828,6182.1,76944,32.391,567.44,310.96,0.29199
2828,6180,78352,29.954,264.39,298.67,-0.060893
2829,6091.1,76705,17.881,975.18,602.25,0.23642
2830,6079.6,76619,35.98,802.6,620.68,0.12782
2837,5714,78295,35.57,343.43,234.89,0.18768
2842,5941.5,78217,24.084,419.47,445.47,-0.030052
2843,5954.4,78126,26.089,245.17,190.14,0.12643
2844,5925.5,78184,30.012,233.13,206.41,0.060783
2845,5738.5,76611,24.554,301.53,199.31,0.20409
2846,4953.3,75905,30.173,494.76,251.98,0.32513
2846,5752.4,76557,19.763,429.05,256.12,0.25238
2847,4855.5,78061,31.634,336.22,233.07,0.1812
2847,5787.6,76702,37.901,290.29,199.34,0.18576
2848,4992.6,77890,31.338,464.01,197.9,0.40204
2849,4750.3,78279,30.156,963.8,390,0.42385
2850,4566.2,78684,27.493,344.93,220.4,0.22029
2857,5472.8,78363,26.234,292.46,111.6,0.4476
2860,4038.8,77199,33.066,711.82,361.65,0.3262
2865,4115.5,77635,36.012,870.63,673.69,0.12752
2866,5963.4,78211,25.292,218.61,182.04,0.091272
2867,4055.7,76117,37.357,335.78,269.28,0.1099
2867,5915.5,78204,27.834,192.98,151.79,0.11946
2873,3861.1,77188,24.311,787.42,448.94,0.27377
2875,3530.7,75982,36.48,360.98,227.32,0.2272
2877,4323.7,77724,28.518,387.77,275.68,0.16895
2877,5999.4,77853,31.924,273.95,217.17,0.11561
2878,5608.3,77082,34.556,391.64,370.68,0.027502
2885,4833.3,78109,36.676,578.2,592.36,-0.0121
2887,4671.6,75968,27.886,700.94,226.28,0.51191
2888,3983,77636,36.497,598.64,400.61,0.19818
2888,4754.2,76165,28.253,331.65,288.03,0.070392
2888,5533,78655,33.404,648.36,463.78,0.16597
2889,4588.9,76006,22.776,1179.1,639.01,0.29706
2890,4519.3,75994,25.483,369.5,338.14,0.04432
2892,5770.7,76027,30.472,311.21,210.33,0.19343
2894,5348.5,77951,28.664,472.31,280.09,0.25547
2897,5355.7,77130,33.587,401.98,238.75,0.25475
2899,3498.9,76846,33.277,717.56,562.72,0.12094
2899,3608.2,76270,39.714,438.49,741.51,-0.2568
2904,4268.7,76009,25.668,924.89,484.65,0.31233
2904,6101.5,77354,30.448,546.36,397.59,0.1576
2906,6146.4,76341,30.64,904.8,491.35,0.29614
2907,5940.3,76443,25.962,563.33,278.23,0.33877
2909,5267.1,78500,26.517,433.55,140.85,0.50958
2909,5874.3,78172,32.174,264.85,282.56,-0.032361
2910,3683.9,78137,35.45,478.01,287.99,0.24808
2911,3705.7,77319,37.603,600.97,550.89,0.043475
2914,5769,76513,30.997,520.42,344.57,0.2033
2915,5222.3,77870,27.874,822.24,473.33,0.26931
2915,6164.5,78508,28.899,551.95,347.04,0.22794
2917,5048.1,76365,24.835,1314.2,959.23,0.15614
2917,5303.2,76463,31.99,975.33,708.18,0.15868
2918,5937.3,78190,21.529,350.19,451.48,-0.12635
2920,5440.1,78699,33.366,386,242.33,0.22866
2921,4020.3,77463,36.249,617.17,267.23,0.39569
2921,4882.2,75933,25.785,747.54,641.84,0.07608
2924,4670.5,78057,30.533,501.38,330.5,0.20541
2927,6239.2,78145,34.272,291.13,196,0.19529
2928,5705.1,78383,20.343,733.78,271.1,0.46043
2931,5917,78285,24.501,530.04,231.38,0.39224
2934,4248.2,75959,28.37,372.21,226.09,0.24422
2935,5362.8,77235,32.573,449.62,281.84,0.22937
2937,5585.8,78212,35.46,408.28,182.48,0.38221
2938,5550.2,77273,39.492,534.97,302.9,0.27697
2940,4194.7,77769,35.835,387.15,246.78,0.22143
2940,5315.8,76406,27.657,482.62,415.6,0.074615
2941,5164.8,76474,33.48,817.35,458.56,0.2812
2941,5676.3,78658,24.075,242.35,165.99,0.18702
2942,3832,77074,29.518,307.82,293.46,0.02388
2944,5449.6,78611,36.311,1306.3,854.58,0.20903
2946,5638.3,78297,27.894,994.89,600.35,0.24732
2946,6195,78408,37.214,592.89,191.01,0.51267
2947,5886,76059,31.105,353,246.75,0.17716
2947,5911.8,78160,25.39,593.34,281.18,0.35695
2948,5884,78157,22.411,423.07,294.78,0.17871
2950,5882.2,78136,24.045,418.76,213.15,0.32538
2951,4117.5,76739,34.013,498.07,622.14,-0.11075
2951,4496.9,76172,28.756,319.32,106.83,0.49862
2952,4641.5,75763,34.143,398.29,193.54,0.34595
2954,4266.4,78441,30.68,633.5,368.22,0.26482
2955,4372,78606,24.285,666.61,389.13,0.26283
2957,4208.5,78376,36.259,400.8,180.7,0.37849
2963,3602.1,77063,32.866,388.65,233.22,0.24994
2964,4271.2,78634,33.259,575.92,372.04,0.21507
2964,5832.6,77716,31.352,239.27,207.76,0.070489
2964,6094.1,76403,28.372,305,275.21,0.051338
2965,4066.4,76078,29.359,423.87,116.15,0.56982
2966,4003.5,76041,34.211,530.53,477.95,0.052137
2966,5159.6,77107,34.977,519.06,466.44,0.053392
2967,5717.7,78467,28.889,611.81,514.14,0.08675
2969,4790.1,75808,29.772,372.52,155.29,0.41158
2969,5738.1,76465,38.533,819.35,570.52,0.17903
2970,4915.8,78023,32.343,288.73,134.24,0.36524
2972,5850.8,76194,32.676,568.34,120.16,0.65096
2976,4686.8,75874,36.155,306.37,198.27,0.21422
2978,3888.8,77259,24.493,436.94,275.16,0.22719
2979,4784,78509,27.02,571.33,467.14,0.10033
2985,5570.1,78576,22.019,970.28,522.49,0.29997
2985,6181.3,76779,37.058,896.17,697.4,0.12473
2986,4848.2,76602,24.95,499.23,316.88,0.22344
2986,5367.4,78530,28.855,598.29,335.83,0.28097
2987,5876.6,76420,30.764,286.06,111.26,0.43996
2988,4059.2,77464,32.669,647.32,382.27,0.25743
2989,4590.6,77803,36.173,656.36,256.6,0.43786
2992,5209.6,76418,23.441,467.6,157.31,0.49653
2993,3620.8,78194,30.669,478.56,381.17,0.11327
2995,3596.7,78163,22.432,709.4,323.37,0.37378
3001,3584.5,78055,31.912,773.37,572.52,0.14923
3001,4948.3,76176,21.391,824.03,329.05,0.42927
3004,4822.3,76160,27.185,536.14,197.45,0.46168
3005,4467.6,76216,25.385,750.64,185.83,0.60313
3005,5588.2,76703,42.399,639.96,429.58,0.1967
3006,3562.9,77716,25.922,507.66,446.88,0.063673
3006,4652.7,76592,29.329,587.54,296.94,0.32855
3006,5924.3,76539,31.656,416.4,283.33,0.19016
3007,4798.3,76288,35.389,686.79,525.82,0.13275
3018,4471.6,76793,37.232,287.95,108.71,0.45187
3018,5821.6,77107,33.87,308.31,141.3,0.37144
3019,4217.4,76600,35.213,481.92,329.47,0.18788
3023,5516.6,76493,32.028,279.77,186.1,0.20106
3024,5208.8,78437,30.963,678.1,427.18,0.22702
3027,4711.3,77862,33.052,578.84,423.87,0.15454
3033,5815.1,76576,24.249,888.82,470.62,0.30763
3041,5042.1,77660,25.595,516.43,713.18,-0.16001
3042,6044.8,75880,26.863,393.37,351.23,0.056601
3045,5359.2,78549,29.518,464.46,393.89,0.082211
3046,3591.8,77464,33.234,575.68,473.51,0.097383
3047,4543.5,75838,28.336,363.41,214.28,0.25815
3047,5419,78370,36.316,389.28,336.79,0.072294
3047,5821.7,75952,33.697,194.54,123.29,0.2242
3048,3744.6,77724,31.214,598.02,313.95,0.31148
3050,4300.4,78351,25.927,397.43,115.67,0.54913
3050,5448.3,76406,30.484,514.79,367.6,0.16681
3051,5236.9,76285,24.605,458.8,247.9,0.29842
3052,5311.4,76292,28.613,839.08,506.98,0.24672
3053,5194.8,76486,29.5,584.38,263.45,0.37854
3055,5087.3,78475,29.337,853.43,453.22,0.30629
3059,3539.8,78624,36.832,498.93,180.53,0.46861
3060,5856.5,78583,28.941,393.87,316.38,0.1091
3061,5098.8,77876,28.46,645.38,431.32,0.19881
3062,3651.7,77829,23.703,595.62,344.26,0.26745
3063,6148,77300,22.045,977.61,723.38,0.14946
3068,4207,76114,33.634,431.01,348.03,0.10652
3068,5592.1,78537,28.23,540.97,333.23,0.23764
3069,6213.9,77416,32.56,210.88,168.82,0.11078
3070,5014.1,76374,35.139,474.32,594.31,-0.11229
3071,4670.7,76443,22.681,921.65,617.13,0.19789
3072,5817.9,78357,30.308,561.07,378.36,0.19448
3073,5736.2,78503,31.543,505.56,274.44,0.29631
3075,4238.6,76044,26.822,258.21,127.8,0.33783
3075,6134.5,77047,26.416,335.74,323.6,0.018417
3080,5788.7,77609,34.454,262.25,114.84,0.39091
3081,4319.7,77783,27.22,872.23,482.82,0.28737
3082,3512.8,76828,30.51,518.03,401.42,0.12682
3084,3874.6,77536,25.267,1316.8,588.98,0.3819
3085,4285.3,77821,30.663,246.71,129.25,0.31244
3087,3489.3,78692,31.862,780.59,475.68,0.24271
3087,4703.6,77752,30.582,657.8,363.66,0.28796
3088,5019.1,76136,32.932,358.17,367.99,-0.013514
3093,5417.8,76218,30.001,673.25,480.36,0.16721
3095,5511.7,77869,24.356,654.97,304.27,0.3656
3096,5577.3,77714,21.311,1147.9,515.56,0.38015
3097,4871.3,76200,31.108,240.02,221.07,0.041085
3097,5760.2,77582,38.165,660.57,468.23,0.17039
3098,6167.9,76510,31.21,429.24,285.81,0.20059
3101,4794,77453,34.786,207.79,302.7,-0.18592
3101,5200.2,76817,28.387,485.21,389.77,0.10908
3101,5892.6,76361,29.803,806.08,504.36,0.23024
3102,5311.1,78095,31.456,404.13,238.81,0.25713
3102,5847.4,78221,23.29,361.3,257.54,0.16767
3104,4067.2,77354,36.418,825.5,482.97,0.26178
3104,5680.8,76912,36.066,305.65,134.33,0.38938
3105,3890.4,77428,35.348,422,231.63,0.29125
3105,5623.7,77059,25.654,706.51,754.43,-0.032803
3107,4600,76371,30.97,250.31,136.94,0.29275
3107,6413.9,78157,34.187,323.78,319.81,0.0061694
3112,3447.2,77377,36.945,352.46,265.73,0.1403
3112,4740.4,78158,34.006,290.16,193.91,0.19884
3114,3694.7,78079,28.312,613.95,367.12,0.2516
3114,6117.5,76649,33.111,434.74,352.35,0.10467
3115,4994.6,75920,25.433,588.98,363.91,0.2362
3117,4902,77609,29.106,415.29,190.61,0.37083
3119,5232.3,76681,38.054,585.08,280.57,0.35176
3124,6347,77857,36.02,247.18,259.5,-0.024317
3125,5879.5,77783,27.233,407.35,244.33,0.25014
3126,5412.9,78506,23.011,564.76,464.82,0.097072
3127,3865.8,77126,23.709,472.87,223.33,0.35842
3135,4417.7,77853,25.078,755.14,461.64,0.24122
3135,5254.2,75736,34.905,678.85,521.96,0.13066
3136,4119.2,77065,31.648,356.38,345.75,0.015149
3136,6247.8,77073,34.368,409.11,231.88,0.27649
3137,5491.2,76573,23.528,876.29,295.59,0.49553
3137,6188.7,77260,26.246,431.13,171.45,0.43095
3138,5218,76410,25.879,513.73,304,0.25648
3138,6254.5,77126,31.878,357.53,195.74,0.29244
3139,5189.4,76967,34.488,408.34,313.7,0.13106
3148,5378.4,77487,40.935,473,418.35,0.061314
3151,5864.5,77643,24.523,582.14,291.12,0.33326
3152,5862.7,77751,21.379,823.9,270.83,0.50521
3153,4064,77276,35.6,454.86,171.33,0.45279
3153,5918.5,77543,29.567,486.24,296.52,0.24237
3155,3979.8,76409,34.563,796.8,469.41,0.25856
3155,5946.6,77313,29.54,585.64,378.03,0.21544
3156,5821.5,75998,37.973,914.98,380.24,0.41285
3156,6261.1,77459,31.599,517.21,286.39,0.28723
3157,6309.6,76321,28.584,874.22,640.11,0.15459
3158,6400.5,78206,26.863,401.49,150.95,0.45352
3158,6411.4,78686,31.699,342.42,141.18,0.41614
3159,5283.2,78303,28.782,697.42,576,0.095351
3159,5878.5,76955,33.624,272,243.74,0.054812
3161,6388.3,77365,35.75,340.08,356.39,-0.023419
3163,3813.9,77267,26.853,399.42,187.07,0.36207
3165,6404.8,78087,36.079,256.17,120.85,0.35893
3166,4028.8,77661,30.878,637.63,352.17,0.2884
3167,4103.9,77795,40.721,685.43,557.52,0.1029
3170,4739.8,76185,29.126,760.77,411.92,0.29748
3170,5301.2,77678,31.127,167.65,105.37,0.22812
3170,5738.3,78497,26.289,399.97,436.61,-0.043793
3172,6086.8,76714,29.837,535.29,281.5,0.31072
3172,6162.2,78162,28.497,596.13,210.58,0.47793
3173,5820.8,77475,27.227,334.31,303.07,0.049018
3174,5420.8,78227,33.151,254.45,159.94,0.22805
3174,5718.1,77467,25.165,1017.2,939.65,0.039651
3175,5159.6,77378,28.408,657.02,386.96,0.25868
3178,5385.3,76078,37.29,665.64,655.71,0.0075119
3181,5378,78430,26.964,571.88,269.65,0.35915
3183,3755.1,78288,29.858,514.51,676.56,-0.13606
3183,6267.4,78562,34.825,250.72,179.54,0.16543
3185,4553.7,77816,24.938,316.04,103.43,0.50687
3185,5344.8,75831,34.751,298.36,316.92,-0.03016
3186,4117.4,78207,40.951,754.91,460.15,0.24259
3186,4082.3,75979,34.711,293.13,121.64,0.41344
3186,4443.9,77749,30.641,550.29,366.22,0.20084
3190,4303.3,78530,23.446,413.21,250.51,0.24514
3191,5748.4,77635,38.288,580.15,277.55,0.3528
3192,5087.9,76292,25.256,405.62,173.24,0.40144
3194,5906.3,77630,29.445,810.72,339.58,0.40958
3197,3783.2,77339,32.662,998.3,707.05,0.17079
3197,3854.2,77164,30.961,1089.8,749.57,0.18495
3198,3923.8,77107,28.808,253.54,256.13,-0.0050927
3198,5660.4,77742,21.96,1004,256.09,0.59355
3199,3837.3,77036,19.292,740.3,346.49,0.36236
3199,5770.4,77687,24.854,737.3,279.77,0.44984
3200,3791.8,77032,32.007,514.23,333.26,0.21353
3200,5780.6,77815,34.955,356.88,245.22,0.18545
3200,6113.9,76726,35.729,309.52,225.02,0.15807
3201,5789.6,78394,25.791,261.78,246.94,0.029173
3202,6049.5,77040,35.116,310.94,248.76,0.11109
3203,5882.2,78254,21.568,418.79,309.19,0.15056
3204,5728.9,78313,32.498,298.47,168.9,0.27722
3204,5715.5,78350,35.416,247.67,148.38,0.2507
3205,4087.9,78239,35.58,214.08,127.78,0.25243
3205,6342.6,77380,23.409,208.18,119.66,0.27001
3206,4940.4,76283,33.279,759.69,785,-0.016387
3208,4421.3,76640,32.228,364.9,308.89,0.083119
3211,5145.6,77802,26.798,792.57,333.76,0.40735
3212,5082,77807,28.14,491.29,204.51,0.41216
3214,5942.8,77482,24.437,502.9,128.53,0.59288
3216,5146.6,76263,36.643,949.74,542.69,0.27274
3217,5153.6,76293,30.039,1099,492.21,0.38135
3217,6209.1,76837,37.719,547.41,330.88,0.24654
3218,3939.5,77255,30.386,288.4,148.88,0.31905
3218,5095.1,76319,24.639,388.91,144.44,0.45837
3218,5892.4,78703,16.13,1226.8,572.21,0.36386
3218,6228.4,76777,35.146,281.85,118.85,0.40677
3220,3877.7,77457,37.337,645.64,369.71,0.27175
3220,4602.3,76646,32.695,749.25,292.62,0.43828
3222,5616.8,77672,28.209,194.24,183.83,0.027534
3222,6307,78475,31.218,1230.2,577.22,0.36127
3222,6306.5,78579,23.444,1132.2,603.83,0.30434
3227,4919.9,76304,33.614,520.06,283.29,0.29473
3228,5025.5,76280,25.853,597.09,338.76,0.27603
3229,5363.8,77207,34.745,382.33,353.09,0.039763
3229,5396.7,77625,28.003,317.77,164.43,0.31801
3230,5925.2,76618,30.171,510.42,260.83,0.32362
3230,6405.5,75805,31.593,858.26,411.98,0.35134
3231,5186,76093,34.227,355.39,368.71,-0.018392
3233,4169.4,78369,34.779,217.82,266.74,-0.10095
3236,5524.7,77732,28.459,239.27,140.31,0.26072
3237,4293.2,78707,32.273,374.96,220.75,0.25886
3238,5534,77772,28.504,406.6,166.85,0.41809
3241,5865.3,77206,29.687,449.03,252.38,0.28036
3243,5724.3,78061,26.993,571.77,216.32,0.45103
3244,4839.7,77930,37.707,369.59,253.96,0.18545
3246,5333.6,77961,27.743,1031.1,522.77,0.32715
3247,3916,77360,33.326,498.63,254.49,0.32417
3247,5474.1,77770,31.588,165.57,213.45,-0.12633
3253,5757.3,77578,30.725,330.81,138.42,0.41002
3255,4583.2,75963,34.85,400.41,169.28,0.40571
3255,5092.7,76458,36.511,451.73,161.12,0.4742
3255,5868.3,77495,29.544,830.64,443.23,0.30412
3255,6399.6,78652,25.782,960.18,566.93,0.25751
3256,5893.6,77583,32.54,690.92,339.22,0.34142
3256,6333.4,78569,31.859,589.69,383.3,0.21213
3259,5802.8,77436,26.177,505.08,248.53,0.34043
3261,4693.8,76553,38.732,202.77,124.85,0.23782
3262,3648.4,76037,34.408,659.25,496.2,0.14112
3262,4724.6,78336,32.435,551.67,313.9,0.2747
3264,6059.6,76388,34.282,468.03,329.74,0.17335
3265,4350.3,77804,31.195,594.25,478.07,0.10834
3266,4333.6,77726,33.855,572.38,543.13,0.026214
3268,5800.4,77109,29.733,231.85,191.15,0.096233
3268,5797.1,77511,26.988,245.25,122.68,0.33312
3269,3945.4,77393,24.11,918.59,604.82,0.20597
3272,5788.4,77497,26.615,277.5,174.44,0.22805
3273,3761.5,77430,32.315,380.69,321.25,0.084679
3273,5942.9,77618,32.705,250.97,379.3,-0.2036
3274,4345.1,77752,32.447,374.54,291.7,0.12435
3276,5755.7,77704,40.554,774.61,884.12,-0.066018
3276,6187.1,78481,34.532,281.51,163.53,0.26511
3277,5770.3,77396,34.069,312.92,193.78,0.23513
3280,5770.8,77535,28.074,670.36,592.63,0.061547
3281,5756.7,76219,32.04,642.39,440.69,0.18623
3281,5828.2,77496,26.479,486.79,285.67,0.26037
3282,3507.8,78481,34.531,211.1,217.06,-0.013918
3282,5805.6,77485,24.564,307.45,103.85,0.49503
3283,5167.1,78681,35.882,451.6,595.71,-0.1376
3286,5979.3,77667,34.641,182.36,121.1,0.20189
3287,4896.7,78416,34.298,856.24,606.37,0.17084
3288,4815.8,78348,29.082,748.95,298.42,0.43015
3288,5743.7,77439,34.992,151.77,119.76,0.11789
3289,3517.1,78323,30.707,293.82,123.07,0.40958
3290,4633.7,78338,25.437,412.21,277.33,0.19561
3292,5764.2,77766,40.757,381.69,346.34,0.048563
3293,4744,76003,28.305,467.65,172.7,0.4606
3293,5331.5,76343,21.598,395.57,170.78,0.39689
3293,5369.8,77396,33.929,516.2,398.52,0.12865
3294,5224.8,76274,29.757,395.12,167.15,0.40544
3296,6394.1,76177,33.382,261.35,135.87,0.31591
3298,4280.7,76151,26.609,623.18,513.7,0.096304
3300,4295.4,78594,32.5,579.94,451.77,0.12423
3300,4414.9,75973,26.237,546.87,278.72,0.3248
3300,4953.6,77907,33.219,727.6,333.13,0.37188
3301,4992.7,77831,36.907,908.03,279.79,0.5289
3302,3931.6,77116,30.945,266.54,174.24,0.20941
3302,4935.8,76230,14.939,784.24,484.43,0.23632
3303,4268,77816,38.637,288.11,179.22,0.23302
3307,5396.4,77797,29.805,496.61,249.91,0.33047
3307,5872.5,77169,31.33,435.27,327.27,0.14163
3308,4704.6,76436,30.606,153.52,139.08,0.049362
3308,5463.4,77838,37.334,242.07,213.73,0.062172
3309,6288.5,76501,24.811,392.01,278.95,0.16851
3310,5128.8,76040,34.436,313.18,259.82,0.093132
3315,3650.6,77410,22.165,788.72,543.3,0.18425
3315,3847.6,77442,31.841,1057.4,582.69,0.28946
3315,5146,78672,37.307,495.76,304.92,0.23834
3316,3723.7,77463,33.024,514.67,512.67,0.0019447
3322,4250.2,77518,36.131,553.63,449.31,0.10402
3322,6290,78497,29.299,472.14,270.76,0.27108
3323,5371.3,78219,19.364,876.98,621.56,0.17045
3325,5674.6,78466,22.658,375.91,233.53,0.23364
3328,5841.2,78170,20.514,607.05,308.33,0.32634
3328,6105.1,77231,31.832,566.78,462.79,0.101
3329,5819.6,78236,21.21,1330,580.82,0.39207
3330,5888.4,78226,15.753,518.69,355.18,0.18711
3333,5067.6,78646,29.427,427.99,420.91,0.0083386
3333,5419,76607,36.827,341.46,190.42,0.28398
3337,5237,77113,29.177,860.52,547.85,0.22201
3338,3583.8,78170,34.906,256.41,161.7,0.22652
3338,5174.5,77074,24.591,1697.6,940.01,0.28723
3339,5173.5,77889,36.997,300.56,137.55,0.37208
3340,5488.9,78504,33.191,342.98,188.7,0.29016
3341,3527.1,75739,28.806,693.85,581.82,0.087815
3341,4517.7,76713,34.354,553.07,263.15,0.3552
3342,4313.4,76317,25.297,810.17,267.7,0.50328
3348,5089.2,76025,33.083,469.64,341.72,0.15766
3348,6381.1,77244,36.585,410.97,178.4,0.3946
3350,5240.8,78153,30.183,378.42,355.96,0.030571
3352,4382.1,77988,32.691,485.7,426.25,0.065187
3355,4732.3,76508,34.274,249.02,147.91,0.25473
3355,6418.2,77986,36.302,339.03,286.49,0.083999
3357,3460.5,75804,36.715,418.22,371.79,0.058777
3358,6384.2,77380,33.04,223.33,177.79,0.11354
3360,3622.5,78086,35.769,626.51,351.86,0.28073
3363,6391.1,77554,24.085,283.54,219.18,0.12802
3377,3789.5,77039,36.156,623.47,374,0.2501
3378,3782.6,77035,26.979,495.9,246.76,0.33547
3380,4138.7,76522,26.851,1101.1,650.51,0.25723
3381,5507.6,76368,32.156,428.73,606.1,-0.1714
3381,5565.5,78561,23.292,645.78,257.04,0.43058
3382,5640.8,76366,35.651,824.94,683.26,0.093943
3383,5853.4,77173,26.155,504.17,308.01,0.24153
3384,5310.7,76343,27.547,528.78,304.91,0.26853
3393,5738.5,75840,32.443,315.66,425.9,-0.14866
3394,6364.3,76331,27.558,365.08,123.37,0.49486
3395,6171.1,76179,28.194,580.02,482.46,0.091823
3397,6285.1,76295,36.565,358.62,277.9,0.12681
3399,4976.1,75773,41.869,1299.9,509.74,0.43664
3399,5819.1,76342,31.262,490.23,247.33,0.32933
3401,4927.9,77870,24.487,849.62,247.18,0.54927
3402,5125.2,78415,37.922,303.46,179.96,0.25547
3403,4177.5,78352,39.627,666.03,490.79,0.15149
3403,4653.8,76030,31.282,292.31,227.98,0.12365
3403,5546.9,75946,34.424,275.12,113.37,0.41635
3404,4657.1,76017,26.077,409.38,129.67,0.51888
3404,4927.8,77780,27.78,391.4,215.91,0.28896
3406,5908.8,77456,33.968,181.28,146.03,0.1077
3408,3825,78678,31.254,312.89,197.08,0.22711
3408,5517.4,78652,29.726,243.16,157.92,0.21251
3412,4559.3,76222,27.867,302.06,137.11,0.37559
3413,4576.3,76219,27.818,661.01,450.27,0.18963
3414,4366.3,76354,33.462,566.42,399.69,0.17259
3414,5274.5,77329,35.624,1286.2,722.06,0.2809
3416,4660,76888,31.665,410.22,282.41,0.18454
3418,5369.6,76271,27.676,463.67,296.95,0.21919
3422,6206.6,77400,24.454,909.27,672.84,0.14944
3423,5172.8,76210,21.106,383.02,203.38,0.30635
3427,5905.2,78236,33.16,229.41,246.96,-0.036849
3428,4424.7,76884,33.513,467.48,273.45,0.26186
3428,5916.4,78163,31.435,235.09,351.96,-0.19909
3429,5809.8,78282,35.523,339.55,287.19,0.083537
3430,5900.3,78242,21.647,397.17,417.3,-0.024721
3431,5640,77133,31.099,334.08,162.82,0.34464
3432,5664.4,77230,16.236,597.38,181.46,0.53403
3433,4978.8,78592,35.071,523.51,233.58,0.38295
3435,5259.5,76414,40.719,358,193.55,0.29816
3436,4256.7,75745,28.235,1366.7,770.58,0.27892
3437,5867.4,77396,33.05,262.48,226.79,0.072946
3438,4053.2,76015,30.64,794.79,568.38,0.16609
3438,4536.9,76260,36.878,737.94,538.31,0.15642
3438,5233.1,76870,27.456,284.44,137.16,0.34933
3439,4100.2,75886,36.373,306.37,163.91,0.30292
3439,5632,78435,32.156,1058.5,726.46,0.18604
3440,4290.2,78496,32.752,259.64,119.37,0.37009
3441,4540.4,76009,25.44,432.85,209.9,0.34687
3442,4641.8,76139,27.294,397.83,215.93,0.29637
3442,5316.9,76795,32.09,421.84,197.42,0.36241
3442,5858.3,76933,38.808,436.66,400.36,0.043363
3442,6169.1,78461,37.762,431.41,309.17,0.16506
3443,4030.2,78141,34.009,251.38,127.94,0.32543
3443,5324.4,77094,22.671,547.51,180.78,0.50355
3444,4118.7,78423,33.136,311.57,172.44,0.28746
3444,5145.1,77807,35.868,197.59,186.26,0.029519
3447,5457,77221,34.876,265.69,140.56,0.30799
3455,6291.9,78691,27.985,357.64,102.56,0.55429
3457,3846.5,77073,28.755,223.04,172.83,0.12685
3457,4475.3,78282,28.044,499.51,362.13,0.15944
3458,3839.9,77308,31.362,538.3,324.05,0.24844
3458,6341.6,77614,33.574,351.56,181.49,0.31906
3459,4227.8,77206,30.552,272.72,150.52,0.28872
3460,4625.1,77292,33.142,429.53,517.93,-0.093305
3461,6229.1,77760,30.359,628.23,341.81,0.29527
3462,5864.9,76049,26.237,353.74,144.08,0.42115
3464,4411.6,77701,29.388,327.33,252.01,0.13
3465,3724.1,77002,32.736,513.68,267.52,0.3151
3465,4489.4,77815,32.059,367.6,341.12,0.037368
3469,4611.4,76978,33.861,180.87,140.44,0.12582
3472,3925.7,77291,28.07,348.04,147.77,0.40392
3472,5008.2,77632,24.829,258.91,243.51,0.030644
3473,4370.4,78691,31.865,552.1,512.78,0.036927
3473,6153.9,76447,35.392,394.14,209.61,0.30564
3474,4884.5,77854,25.817,909.82,381.42,0.40922
3474,5834.2,76379,33.139,302,125.05,0.41436
3474,6388.1,78578,25.827,224.71,202.19,0.052746
3475,4991.8,76247,25.449,542.45,272.94,0.33053
3476,4739.9,77897,23.969,1126,708.31,0.22772
3476,5090.9,76063,30.382,538.28,400.03,0.14734
3476,5312.3,78493,31.726,336.97,229.52,0.18968
3480,4322.6,78667,33.821,469.55,429.45,0.0446
3480,4477.5,76020,28.075,924.91,553.56,0.25118
3482,6280.8,75931,35.491,281.24,193.3,0.18531
3483,5749.4,77233,42.853,523.35,299.41,0.27219
3487,5790.9,76323,29.883,449.9,216.93,0.34936
3488,4577.2,75873,36.313,200.29,237.45,-0.084902
3489,5447.5,78419,29.809,528.78,378.49,0.16565
3490,5322.9,78493,22.994,618.61,489.36,0.11665
3491,4170.8,76048,35.268,561.2,768.57,-0.15595
3493,5353.3,78599,38.33,1232.8,867,0.17419
3494,5319.1,78541,32.997,721.54,395.39,0.292
3495,5106.3,78360,27.203,596.38,507.92,0.080111
3498,3966.1,77830,31.846,1412.8,730.58,0.31829
3501,4637.2,78073,24.427,1172.6,565.74,0.34909
3502,4607.2,77883,26.962,413.91,217.07,0.31196
3511,3817.1,77402,23.053,1027.8,739.07,0.16343
3517,5609.5,76895,37.375,171.18,113.79,0.20138
3519,4824.8,76456,31.305,168.12,102.9,0.24063
3520,5112.1,77911,33.579,316.15,142.11,0.37978
3520,5875.1,76341,32.875,374.2,289.86,0.127
3521,5627,76401,28.799,290.9,131.2,0.37834
3527,6349.8,76214,32.333,434.48,374.95,0.073541
3529,5105,77926,26.917,562.48,281.62,0.33273
3531,4883.4,77860,31.02,687.98,467.65,0.19066
3532,5665.6,78579,23.212,481.18,313.22,0.21142
3534,5307.8,76375,32.363,602.87,285.19,0.35772
3537,4325.8,77511,34.06,365.37,395.62,-0.039757
3538,5939.2,76615,33.168,353.7,226.76,0.21869
3539,4489,77916,27.505,502.49,292.28,0.26449
3540,4453,77951,34.244,507.42,360.7,0.16901
3542,4172.7,78566,30.359,573.57,602.01,-0.024194
3548,4852,75994,32.819,678.08,638.8,0.029824
3552,3467.5,78090,31.729,329.61,185.55,0.27963
3553,3541.3,76913,32.627,595.96,440.44,0.15006
3553,5054.5,78357,27.684,258.38,156.82,0.2446
3554,4191,78330,31.101,908.38,331.6,0.46515
3559,4648.1,76613,30.728,443.64,366.63,0.095034
3560,5197.8,75856,30.629,1072.1,837.41,0.1229
3562,5837.6,78267,32.176,342.9,445.95,-0.13063
3563,4661.2,76817,28.385,533.25,364.45,0.18804
3565,3547.7,78104,40.356,719.77,607.44,0.084637
3567,4956.9,76157,30.633,715.96,680.34,0.02551
3568,4633.5,76341,24.029,624.78,267.22,0.40085
3569,4637.5,76210,24.7,421.6,236.18,0.28188
3570,4452.3,78648,34.646,195.17,179.32,0.042319
3571,5631.7,75976,19.98,857.36,554.43,0.21458
3571,5798.6,78119,28.646,192.75,107.47,0.28407
3572,3979.5,77272,30.321,702.18,448.63,0.22033
3573,3957.7,77343,21.917,498.75,300.08,0.24869
3573,5713,75915,32.417,515.47,334.81,0.21248
3575,6329,76442,31.622,271.27,183.61,0.19271
3579,5352.3,78725,37.778,1208.4,694.49,0.27007
3580,6164.6,77486,27.935,765.93,474.91,0.23454
3583,3766.5,78305,36.463,278.75,148.73,0.30414
3583,4795.4,78675,28.323,1272,843.96,0.2023
3583,5735,75759,30.751,523.81,221.55,0.40553
3584,5329.1,75997,37.225,741.98,339.91,0.37164
3585,3724.4,76597,32.282,575.4,566.04,0.0081988
3587,3837,77406,24.47,609.44,485.28,0.11341
3589,3874.5,78410,34.34,315.36,252.57,0.11056
3590,3841.8,77447,23.656,614.11,476.81,0.12585
3590,5379.4,77093,26.971,299.22,159.6,0.30431
3594,5852.4,76773,33.117,455.26,266.68,0.2612
3595,5003.2,78571,33.113,803.11,487.65,0.2444
3596,4429.2,77101,25.956,864.58,491.62,0.275
3596,4834.7,76404,32.324,543.11,584.26,-0.036505
3597,4889.7,76407,33.264,533.33,661.61,-0.10736
3597,5749.2,76953,26.375,300.58,245.29,0.10129
3598,5943.8,75788,30.266,664.58,415.01,0.23117
3600,4669.2,77355,34.246,314.7,189.42,0.24851
3604,4915.8,77670,25.407,489.06,539.08,-0.048649
3610,3578.6,77360,31.336,298.3,223,0.14444
3612,3904.7,77231,20.785,956.24,481.3,0.33039
3613,4106.4,76028,34.188,579.91,399.59,0.18409
3614,4021.5,77150,28.8,262.09,132.83,0.32732
3614,4448.1,76217,29.072,946.63,487.5,0.32015
3615,4555.7,76291,30.931,738.03,510.58,0.18217
3615,5687.6,78496,23.654,627.08,343.72,0.29189
3616,4309.7,76196,29.305,407.23,129.03,0.51877
3616,5617.1,77526,30.247,1085.4,354.79,0.5073
3616,6135.1,76413,24.342,562.82,386.8,0.18535
3617,5874.7,76426,26.775,474.37,258.06,0.29534
3617,6317.8,76268,29.44,695.2,501.03,0.16232
3620,4294.8,77773,34.559,375.67,190.35,0.32741
3620,5129.3,76584,32.664,351.42,506.08,-0.18036
3621,5313.9,77036,34.972,305.22,169.32,0.28639
3624,4287.4,77700,39.117,305.79,152.46,0.3346
3624,6378.5,77902,27.801,397.67,302.68,0.13564
3625,5994.3,77009,33.909,250.11,138.65,0.28672
3628,5003.2,77781,29.603,671.16,347.64,0.31755
3632,3569.4,77452,33.223,1021.9,942.02,0.040687
3633,4581.5,78334,31.728,724.82,564.65,0.12421
3633,6376.9,76206,31.587,514.93,317.83,0.23668
3634,5570.6,76508,38.254,404.52,296.7,0.15376
3635,3716.8,77154,30.126,511.91,294.76,0.2692
3635,5379.1,76488,23.038,860.4,409.3,0.35528
3635,6368.6,78570,29.896,556.69,295.69,0.3062
3639,5048.4,78111,39.137,333.23,175.87,0.30911
3640,4999.5,76348,37.572,377.05,239.14,0.22381
3640,5130.8,77906,21.444,755.04,373.75,0.33779
3641,5221.4,77793,30.125,494.01,263.46,0.30437
3642,6058.2,78321,32.236,311.69,102.26,0.50594
3643,6069,77332,32.688,418.46,348.47,0.091262
3643,6141.2,76200,27.736,247.86,174.17,0.1746
3644,5332.4,78442,31.26,822.84,616.14,0.14365
3645,5339.6,78318,21.233,713.25,512.05,0.1642
3646,3562.7,78162,29.914,779.34,776.96,0.0015253
3646,5577.1,78462,34.238,289.65,149.67,0.31863
3652,3802.1,75986,30.447,518.79,398.78,0.13079
3653,5584.8,76479,22.042,691.31,275.72,0.42976
3655,4155,75772,28.451,289.29,178.11,0.23787
3655,6084.5,77886,36.049,246.94,184.96,0.1435
3659,3761.6,76591,38.362,203.65,202.13,0.0037612
3660,4959.9,77755,33.38,308.75,121.13,0.43643
3660,5423.2,78339,33.382,322.12,102.25,0.5181
3660,6082.7,78333,37.533,464.71,313.9,0.1937
3661,5406.1,78468,22.992,353.43,272.79,0.12877
3662,5789.5,78711,29.829,650.25,337.92,0.31608
3664,5867.6,76547,29.795,493.64,210.37,0.40236
3666,6002.8,76796,31.876,763.34,420.77,0.28931
3667,5560.8,77520,38.932,244,114.09,0.36278
3670,3723.6,77121,28.684,203.08,200.17,0.0072327
3670,5350.5,76451,27.585,427.74,169.83,0.43161
3671,5319.2,75769,33.548,895.65,696.95,0.12477
3672,6175.1,77137,32.581,262.09,172.04,0.20742
3677,4234.8,76373,35.241,319.62,134.7,0.40703
3678,4160.6,76409,34.804,538.5,380.21,0.17231
3681,5048.7,77778,33.17,271.5,132.91,0.3427
3684,4380.4,76177,28.123,306.13,132.08,0.39718
3687,3755,77223,20.567,836.9,351.56,0.40838
3687,4606.3,76392,32.274,370.19,163.5,0.38729
3688,4639.5,76402,38.779,295.48,224.86,0.13572
3688,4966.6,77166,39.763,545.05,433.83,0.11362
3689,4610.7,76380,25.106,474.34,260.73,0.29061
3692,4921,76015,34.805,193.14,127.21,0.2058
3692,5452.6,77894,35.252,378.42,116.04,0.53065
3693,5851.2,77028,34.302,269.52,148.17,0.29052
3694,5257.4,77627,31.464,394.22,244.31,0.23477
3699,5736.1,77692,34.376,413.44,340.81,0.096289
3700,5848,78155,16.339,402.71,120.03,0.54076
3701,5834.1,78196,22.479,301.67,363.02,-0.092301
3702,5829.1,78223,21.08,422.03,295,0.17716
3703,5040.3,75890,34.243,230.31,137.98,0.25069
3704,5460.4,78172,29.434,327.41,139.26,0.40318
3704,5874.6,76322,31.459,439.7,178.94,0.42149
3705,5386.2,76232,35.549,381.44,255.1,0.19849
3705,5650.6,77738,34.682,188.93,135.94,0.16309
3706,5649.1,77752,36.597,293.42,256.29,0.06755
3707,4923.5,77791,24.478,866.74,433.54,0.33316
3707,5188,76413,38.333,522.27,180.5,0.48633
3709,3838.6,77289,34.203,637.77,297.21,0.36424
3711,5277.1,76768,36.963,464.73,231.13,0.33569
3711,5223.1,77821,23.371,388.37,107.77,0.56557
3712,4059.6,77748,36.443,358.56,115.23,0.51356
3713,4191,77816,32.639,261,231.4,0.060113
3714,4124.4,77555,36.048,574.46,358.81,0.23108
3715,6377,77235,28.98,322.14,300.38,0.034949
3717,5758,78367,34.095,331.13,167.73,0.32754
3724,5961.1,76190,20.107,421.31,253.84,0.24805
3725,3681.1,76978,26.293,439.18,243.76,0.28613
3725,5954.2,76260,19.818,635.85,428.4,0.19492
3726,5958.5,76304,31.704,362.07,270.65,0.14448
3727,6184.4,76248,27.694,468.57,236.15,0.3298
3728,3767.1,77623,30.234,370.5,183.67,0.33713
3728,5844.6,78175,27.042,498.84,319.45,0.21923
3728,6330.7,76290,30.365,340.63,300.42,0.062724
3729,4829.5,78584,29.84,370.2,201.99,0.29398
3729,6043.2,76599,26.386,403.18,189.64,0.3602
3730,5899.2,76690,23.097,189.2,103.75,0.2917
3732,5003.9,76075,26.778,681.97,295.46,0.39543
3733,5666.6,77466,31.784,285.02,192.9,0.19275
3740,5228.2,76081,14.874,1157.1,760.74,0.20668
3743,3915.1,77138,34.176,560.42,421.54,0.14143
3743,5807,77407,32.802,541.98,379.73,0.17603
3745,3967.8,77610,31.091,347.95,171.78,0.33895
3746,3620.5,78073,24.231,461.92,265.54,0.26995
3747,5826.2,78259,27.689,506.3,407.91,0.10762
3750,5800.6,78118,37.695,243.11,167.81,0.18326
3755,5789.4,78284,18.6,748.8,517.97,0.18221
3755,5853.6,76522,27.35,767.03,534.72,0.17846
3756,5649.4,78484,14.785,991.5,505.18,0.32493
3757,5260.8,76460,18.367,882.63,601.42,0.18949
3758,6264.2,78228,31.224,678.72,435.3,0.2185
3762,4307.2,77639,31.276,582.26,204.34,0.48044
3763,6174.3,77219,32.433,195.21,100.55,0.32006
3764,4772.7,76219,38.078,422.48,398.2,0.029588
3767,5692,77593,29.618,402.74,103.72,0.5904
3771,4262.5,76178,30.121,619.79,409.88,0.20386
3771,5352.1,77818,25.686,463.2,156.15,0.49576
3773,4820.3,77842,40.088,627.5,232.57,0.45919
3774,6017.6,77511,25.25,436.76,147.21,0.49583
3775,3441.3,78555,32.195,176.95,155.76,0.063698
3776,4087.6,78479,34.13,847.77,389.93,0.36992
3776,4806.7,77438,33.751,215.97,122.42,0.27645
3776,5502.4,78679,32.193,377.12,274.13,0.15815
3782,3682.6,78111,37.552,326.32,181.86,0.28428
3786,5443.4,77043,20.819,776.61,453.85,0.26231
3787,5765.6,77535,31.044,740.73,293.58,0.43231
3788,5295.8,77678,28.281,753.78,548.25,0.15785
3789,3828.9,77129,24.446,464.89,285.94,0.23834
3789,5331.4,77649,35.382,642.5,618.12,0.019339
3790,5287.4,77593,27.334,953.32,503.81,0.30849
3793,6322.7,77369,33.193,356.81,175.75,0.33998
3795,4576.8,77857,38.007,346.99,263.69,0.13642
3795,5342.9,76445,24.022,767.46,376.81,0.3414
3796,4818.1,76587,35.142,399.6,224.32,0.28094
3797,3828.8,77282,30.131,491.11,294.81,0.24977
3797,4560.3,76381,23.814,809.34,714.57,0.062188
3798,4712.5,78252,24.346,914.58,697.51,0.13465
3800,6301.8,76583,27.053,404.26,243.22,0.24872
3801,4458.9,78042,28.858,302.02,298.9,0.0051895
3801,6043.2,77954,32.733,468.21,200.97,0.39936
3803,4904.7,78211,29.532,651.26,165.33,0.59508
3805,3659.7,77081,24.613,645.91,353.49,0.29259
3805,4163.7,77940,31.53,306.77,280.72,0.044332
3812,4439.7,78606,26.416,541.65,334.24,0.2368
3814,6277.4,78078,25.228,281.43,142.09,0.329
3815,5173.2,76892,27.534,496.51,308.46,0.23362
3815,5782.4,78579,30.228,844.65,696.53,0.096112
3817,5344.1,77076,30.518,669.35,342.16,0.32347
3817,6203.5,77987,33.165,673.23,306.47,0.37436
3817,6187.1,78563,31.728,246.13,133.17,0.29782
3819,4621.8,76276,26.411,336.03,162.8,0.34727
3819,5950.4,78495,27.308,587.8,338.44,0.26922
3820,4108.7,78175,30.226,748.08,355.02,0.35633
3820,4827.7,76217,27.368,592.67,322.52,0.29518
3821,4202.6,78411,29.234,1206.4,588.3,0.34439
3822,6099.8,76685,30.726,786.33,624.79,0.11448
3824,3748.2,77207,29.631,478.18,310.32,0.21288
3824,6393.2,78661,31.964,542.9,401.19,0.1501
3825,6220,78616,33.863,288.51,352.6,-0.099962
3826,3474.9,77610,26.527,790.87,319.99,0.42389
3829,4855.1,75931,31.369,616.57,385.7,0.23035
3829,5451.3,77119,34.08,484.57,181.08,0.45593
3833,5984.1,75810,29.895,1000.3,775.33,0.12671
3835,5432.4,77608,29.091,222.81,138.6,0.233
3836,5328.4,77308,41.435,241.89,134.57,0.28508
3840,6403.6,77632,23.385,313.05,148.59,0.35624
3843,5875.6,78186,25.86,430.3,464.74,-0.038483
3845,5464.3,78119,33.787,593.73,311.09,0.31237
3845,5827.5,76543,31.674,841.02,531.78,0.22526
3845,6108.6,76697,33.541,1203.5,630.78,0.31221
3846,3735.8,77064,23.674,477.91,251.87,0.30974
3846,5437.4,76502,24.848,445.39,267.58,0.2494
3847,4709.6,75956,22.824,1371.1,846.85,0.23635
3847,5140.4,76435,28.183,322.65,119.64,0.45898
3851,5200.8,76713,37.687,778.89,324.56,0.41174
3852,5184.2,76454,26.892,588.81,318.67,0.29768
3853,5886.5,78186,20.554,575.06,276.9,0.34997
3854,5130.6,76969,32.292,825.93,725.74,0.064568
3854,6125,78326,29.212,652.3,250.62,0.44486
3855,3860,77119,34.958,291.93,192.72,0.20471
3856,3643.4,77158,38.65,1001.8,448.21,0.38179
3858,6341.3,76778,32.832,648.95,502.65,0.12704
3859,4263.4,78376,36.028,330.76,235.12,0.16901
3859,4935.5,75962,23.351,567.78,225.47,0.43153
3859,5157.7,76998,37.927,751.22,488.6,0.21182
3860,3691,78228,34.616,831.62,664.21,0.11191
3860,4964.4,75990,22.88,1415,657.4,0.36556
3863,5622.8,78671,31.521,267.08,127.63,0.35328
3865,5371.1,78408,25.931,675.75,747.39,-0.050337
3868,6136.6,78463,35.254,292.23,202.25,0.18197
3869,5359.3,76309,30.27,820.58,567.46,0.18236
3870,5654.1,76669,25.484,1084.2,585.12,0.29898
3871,5803.6,76944,35.635,293.19,146.38,0.33399
3874,5376.9,77015,33.077,397.8,416.07,-0.022449
3877,3812.7,77258,35.227,592,271.53,0.37111
3877,4920.5,76004,33.637,518.53,579.39,-0.055432
3882,4938.4,76180,25.865,946.18,550.41,0.26444
3883,5500,77837,31.746,253.25,407.41,-0.23334
3883,6238.8,78149,28.62,370.55,139.16,0.45397
3885,4748.1,76144,25.3,413.18,363.15,0.064444
3885,6332.7,78256,33.113,572.73,390.83,0.18878
3886,4943.4,76209,15.195,1087.2,779,0.16516
3890,4676.1,77404,36.096,354.69,185.35,0.31358
3893,5781.1,78497,26.742,774.08,323.2,0.41091
3896,4482.2,76173,29.511,424.04,293.3,0.18226
3899,4240.8,76029,28.571,723.44,433.61,0.25049
3899,4715.1,78271,33.267,694.19,298.63,0.39842
3899,6222.3,78644,29.477,536.6,278.59,0.3165
3902,5462.3,77198,32.236,190.28,139.22,0.15497
3902,6413,78471,29.079,514.98,329.97,0.21896
3903,5158.2,78282,26.819,413.6,182.35,0.38803
3904,6055.6,78680,35.417,318.18,107.97,0.49326
3906,4799.4,77751,33.359,811.19,864.83,-0.032002
3907,3812.8,76357,30.32,260.96,144.84,0.28614
3908,6397.6,76235,38.72,305.83,295.39,0.01735
3909,4311.6,76224,29.458,394.12,247.1,0.22928
3910,6030.4,76456,40.342,1053.1,732.21,0.17975
3910,6319.6,76662,33.976,297.11,149.73,0.32982
3911,5238.3,75978,30.145,454.35,304.35,0.19771
3911,6107.6,76643,24.435,729.17,397.43,0.29446
3914,4417.5,78509,37.6,549.03,626.46,-0.065868
3914,5274.4,76587,24.253,757.84,346.76,0.37215
3916,5146.3,77834,25.777,416.96,356.62,0.077993
3917,4927.3,76293,23.11,905.64,546.48,0.24733
3918,4955,77737,27.494,377.94,296.86,0.12016
3919,5062.8,76211,22.3,441.25,364.28,0.095544
3921,6188.4,78558,25.445,646.07,142.42,0.63876
3922,5954.9,78358,34.549,351.78,353.14,-0.0019243
3926,4500.7,76564,32.327,210.85,130.14,0.23667
3927,5884.3,78305,27.134,232.4,179.57,0.12825
3928,5812.8,78312,32.427,636,738.87,-0.07482
3931,3460.7,78017,37.956,503.6,235.19,0.36331
3931,5912.1,78502,32.064,592.44,111.2,0.68394
3932,4999.7,77744,35.297,364.1,161.97,0.38422
3935,5020.4,76095,23.492,389.34,283.29,0.15766
3935,5479.9,78572,26.638,887.32,530.12,0.252
3936,4898.3,76227,16.759,681.03,505.79,0.14765
3937,4913.1,76836,41.96,646.05,296.66,0.37062
3939,4257.9,77943,33.527,408.17,391.19,0.021241
3940,5620.6,76769,33.089,278.19,162.43,0.26272
3941,4232.3,75797,21.207,510.27,518.54,-0.0080415
3942,5438.5,76749,27.446,711.12,565.85,0.11376
3943,4580.6,77114,35.638,250.27,249.56,0.0014154
3943,5393.8,76932,25.104,512.19,673.57,-0.1361
3944,3679,77134,33.661,209.33,117.72,0.28011
3945,3662.4,77007,24.958,489.15,478.66,0.010843
3945,5191.7,76736,24.692,223.26,375.16,-0.25385
3946,4683.1,78191,37.872,332.36,182.56,0.29091
3947,3946.6,77459,31.353,546.11,428.09,0.12114
3949,5726.6,75890,34.605,567.71,496.79,0.066621
3953,4162.6,75955,26.402,565.24,288.38,0.32435
3953,6334.4,78494,27.455,375.72,207.11,0.28929
3955,4884.7,75825,40.516,329.32,150.44,0.37285
3956,5487.4,78612,23.442,226.05,126.91,0.28089
3958,5479,78515,25.729,571.55,335.02,0.26091
3958,5926.5,77518,36.018,342.43,224.93,0.20709
3960,4575.8,76968,33.758,368.99,313.62,0.081116
3961,3798.8,76330,29.366,332.63,104,0.52361
3961,4311.9,77896,27.567,288.22,269.03,0.034437
3964,4207.8,77016,35.966,440.05,336.91,0.13274
3968,4404.1,76465,33.649,522.5,450.11,0.074428
3968,5301.2,78084,41.073,388.53,177.32,0.37326
3971,4544,76755,34.031,437.82,250.79,0.27162
3971,5432.1,78382,29.266,238.02,196.11,0.096538
3979,5233.3,76367,34.936,609.91,276.53,0.37609
3979,5885.4,76852,24.746,557.79,692.77,-0.10793
3980,4836.2,76222,25.937,1169.1,870.29,0.14653
3980,5644.4,76997,31.118,881.02,1606.8,-0.29174
3981,5504.5,76941,35.461,536.64,369.23,0.18481
3982,5290,76941,33.581,221.57,193.97,0.066407
3984,5422.4,76947,34.372,360.23,157.05,0.39279
3987,5406.1,76311,21.272,629.27,696.84,-0.050956
3989,4475.6,77198,37.23,345.68,138.7,0.42731
3989,5929.1,75907,31.652,495.21,218.26,0.38817
3992,3999.8,75732,26.45,307.11,202.53,0.20521
3992,5832.3,77702,34.917,381.54,174.79,0.37164
3993,5324.4,76516,37.231,386.65,262.59,0.19109
3994,5708.4,77520,36.252,452.8,364.99,0.10738
3995,5642.9,77432,26.592,384.97,149.2,0.44138
3998,4915.3,78344,34.599,557.76,290.89,0.31446
3999,5056.3,78511,27.919,599.03,583.38,0.013234
4000,4556.6,76058,32.577,360.4,242.17,0.19621
4000,5433.6,76007,27.221,335.71,294.95,0.064631
4000,5341.7,78642,22.447,525.34,414.86,0.1175
4003,4619.3,78014,25.944,620.14,288.45,0.36506
4004,5807.4,77619,34.077,879.3,481.66,0.29218
4005,4765.8,78237,26.282,302.31,135.4,0.38134
4005,5976.2,77421,26.038,949.92,735.16,0.12745
4006,4270.7,77156,35.435,358.57,130.8,0.46544
4006,5501.2,76118,30.401,513.28,349.56,0.18975
4007,5473.6,76045,25.24,942.28,580.88,0.23727
4010,4111.4,77246,27.958,166.76,110.48,0.20298
4010,5843.5,76185,34.066,415.17,518.86,-0.11101
4011,4961.8,76262,20.906,476.18,215.23,0.37741
4011,5997.3,75898,30.253,486.22,190.56,0.43686
4017,4196.4,78013,36.688,613.12,347.46,0.27656
4018,3853.1,76635,29.486,378.66,267.25,0.17248
4018,6141.1,77995,34.849,633.85,555.92,0.065506
4019,4100.6,76100,30.118,597.13,261.91,0.39022
4019,6286.4,77633,35.121,218.67,209.56,0.02127
4020,4520.1,77792,25.464,257.41,174.4,0.19225
4021,4378.8,77832,25.581,902.49,865.03,0.021194
4023,5339.5,76012,19.432,924.69,541.88,0.26102
4025,5462.8,76144,36.673,535.51,305.98,0.27277
4025,5473.9,76094,35.015,467.82,307.04,0.2075
4026,5216.7,75823,33.344,317.17,217.11,0.18728
4026,5299.1,76125,35.727,588.86,546.57,0.037248
4027,3969.1,77321,26.425,628.58,134.94,0.64654
4028,3646.7,77304,16.048,825.3,326.95,0.4325
4028,4907.7,77378,33.843,191.72,143.67,0.14329
4028,5238.4,76375,28.281,478,128.82,0.57542
4033,4263,76410,23.262,1092.2,811.26,0.14758
4033,5534.6,78492,29.822,623.32,498.05,0.11171
4034,3508.8,77089,35.54,1306.1,849.53,0.21181
4034,4391.3,76392,22.291,723.82,380.35,0.31107
4036,6012.2,76105,22.354,1262.2,782.23,0.23475
4038,6271.7,76788,35.388,412.76,343.37,0.091759
4039,5735.8,76552,26.949,631.01,572.74,0.048405
4040,5735.2,76560,15.747,631.96,339.11,0.30157
4040,5762.9,78601,31.373,810.47,549.51,0.19188
4041,6057.7,76814,33.704,439.11,345.14,0.11982
4051,4097.6,77739,36.826,253.44,171.93,0.19163
4051,5682,77339,32.443,416.95,217.55,0.31426
4055,4787.6,77573,38.041,324.46,142.69,0.38911
4057,5271,76450,23.898,664.39,391.68,0.25822
4060,5538.5,78462,27.638,392.34,197.86,0.32951
4060,5833.2,76869,36.992,763.76,558.43,0.1553
4061,6300.6,78566,34.563,323.34,106.43,0.50473
4063,5751.6,76497,36.022,384.44,363.98,0.027333
4063,5762.9,78272,24.637,507.22,331.75,0.20915
4064,5494.6,76450,28.839,824.25,373.41,0.37644
4064,5855.8,78208,23.016,1382.5,932,0.19464
4064,6000,78067,34.077,1917.3,1079.1,0.27971
4066,6052.8,78645,34.404,305.63,161.02,0.3099
4067,4288.2,76329,37.919,408.78,312.03,0.13422
4068,5050.2,78101,36.93,361.48,213.09,0.25826
4069,4710.5,78401,33.922,577.44,607.7,-0.025533
4070,5253.7,76858,31.753,547.2,330.71,0.2466
4071,4952.7,78579,34.149,564.23,370.62,0.20711
4072,3996.9,78412,33.288,784.48,366.21,0.36349
4073,3917.9,78386,32.788,716.99,442.96,0.23624
4073,4167.6,76161,29.918,365.69,357.89,0.010782
4080,5415.5,78322,38.571,430.2,327.69,0.13527
4082,6408.8,77253,28.778,251.84,214.98,0.078946
4084,4881.9,77325,32.887,282.6,106.86,0.45122
4084,5499.9,76502,30.947,392.41,248.83,0.22392
4085,4887.7,77207,31.685,847.33,370.98,0.391
4085,5766.1,76739,29.648,507.67,195.39,0.44417
4086,5138.6,77921,24.401,903.75,422.27,0.3631
4087,3522.6,77363,29.92,807.14,554.4,0.18563
4087,5076.9,77870,36.219,416.11,154.4,0.45873
4092,3931.5,77481,26.158,315.19,127.3,0.42464
4093,4777.7,78106,33.396,440.56,160.66,0.46555
4094,5377.2,76484,32.069,444.89,143.16,0.51309
4094,5651.9,77263,35.486,301.18,238.78,0.11556
4103,3568.8,77074,32.746,329.79,222.36,0.19457
4104,3440.6,78550,34.889,445.91,242.07,0.29628
4106,3571.5,77518,29.259,1050.8,638.34,0.24418
4106,3651.2,78232,22.499,1151.3,691.33,0.24964
4106,5200.4,77405,27.781,546.88,288.72,0.30895
4106,5251.3,77822,30.097,329.81,177.5,0.30024
4107,3679.4,77304,37.912,271.77,119.8,0.38812
4109,5055.3,78190,33.017,754.07,291.81,0.44198
4110,4849.8,76139,18.215,1240,921.33,0.14744
4111,5508.9,76326,28.091,778.07,371.68,0.35346
4112,5434.2,76516,16.914,1144.9,543.7,0.35604
4114,4064,77780,36.065,516.32,546.36,-0.028263
4115,4279.5,76530,26.492,686.85,346.54,0.32931
4115,4885.1,77293,35.134,424.65,196.96,0.36629
4115,5690,77623,27.963,322.66,222.59,0.18354
4116,4654,75997,33.305,270.01,193.1,0.16609
4117,4860.7,77284,38.484,473.62,524.74,-0.051195
4117,6017.1,77576,32.946,363.68,238,0.20889
4121,4497.2,78254,32.757,450.79,243.78,0.29803
4123,4636.3,75950,24.049,469.05,389.61,0.092517
4124,4668.7,76086,31.055,810.77,664.29,0.099303
4124,4695.8,75773,30.769,716.61,480.79,0.19695
4125,4072.1,77342,30.428,757.11,303.13,0.42819
4126,3712.5,77221,37.134,807.28,486.36,0.24807
4126,4959.5,78093,36.333,505.96,222.89,0.38838
4127,5899.2,76786,29.77,441.81,274.22,0.23405
4132,3765.3,76362,30.667,279.56,142.45,0.32491
4134,5819,76248,33.343,324.51,223.53,0.18426
4135,5017.7,76349,18.477,711.99,318.41,0.38196
4136,5050.6,76243,30.788,336.85,102.56,0.5332
4136,5041.1,77747,30.214,461.08,204.99,0.38448
4137,5268.8,76439,31.372,337.65,119.22,0.4781
4145,5069,78159,29.657,229.91,125.47,0.29389
4146,5129.7,78054,33.339,598.87,249.6,0.41165
4150,4344.9,77868,33.573,706.71,430.66,0.24271
4151,5612.2,76106,37.593,490.58,312.88,0.22116
4151,5924.6,76624,35.653,383.86,206.29,0.30088
4152,5352,76039,28.396,435.81,169.9,0.43901
4154,6417,77242,32.501,503.74,225.67,0.38123
4155,3818.7,77170,31.96,917.43,513.98,0.28185
4156,6076.5,77722,36.285,496.82,235.07,0.35764
4158,6385.7,76420,26.422,459.31,368.28,0.11
4159,4305.1,76072,21.271,397.05,277.56,0.17713
4160,3784.3,78372,38.43,273.89,335.56,-0.10119
4161,5490.1,78600,30.832,388.18,290,0.14476
4162,5950.5,76342,29.42,376.25,140.32,0.45672
4165,6411.9,77405,30.039,471.16,604,-0.12355
4168,3619.9,77745,28.772,219.04,101.41,0.36708
4168,5106.8,77870,27.954,328.16,115.81,0.4783
4170,5686.8,78228,30.41,414.55,263.85,0.22214
4171,4198.1,76334,31.19,820.44,660.23,0.1082
4172,6312.7,78680,26.481,540.78,458.23,0.082637
4174,3680.1,77705,32.272,839.09,406.46,0.34734
4174,4456.4,76492,34.175,573.97,409.14,0.16766
4174,4681.5,78063,35.814,233.22,124.41,0.30425
4175,4528.1,76574,22.348,704.98,425.53,0.24719
4175,4957.2,75954,35.264,328.32,264.34,0.10795
4176,6238,78608,38.141,153.72,113.11,0.15217
4185,3741.4,77477,29.183,1423.6,928.22,0.21065
4185,3726.8,77689,22.723,1431.2,1069.5,0.14464
4185,6420.4,77827,32.762,640.02,432.88,0.19306
4189,6207.8,78668,22.872,289.77,121.81,0.40809
4193,5132.9,76673,28.011,474.05,113.66,0.61321
4193,5738.3,78414,25.827,496.9,829.69,-0.25087
4194,3704.4,78221,30.361,382.52,145.22,0.44965
4194,4818.9,75763,35.143,313.41,155.22,0.33755
4195,4859,76016,24.541,751.16,609.15,0.1044
4197,4104.2,78680,32.1,691.15,406.72,0.25908
4197,5739.9,78129,23.821,308.72,200.7,0.21205
4198,4552.7,75848,35.338,210.09,330.84,-0.22322
4199,3906.8,78702,20.508,689.68,533.14,0.12801
4199,4493.7,76434,31.715,717.53,476.54,0.20182
4199,5957,76715,25.425,423.44,223.25,0.30956
4199,6420.2,77623,30.714,320.11,189.9,0.25531
4200,5438.7,78118,36.414,189.8,127.08,0.19793
4200,6011.4,77318,27.074,459.18,539.62,-0.080539
4201,3719.2,77061,29.482,231,122.29,0.30773
4201,5330.6,78205,28.548,426.39,175.68,0.41642
4202,3755.8,77218,28.967,457.99,173.61,0.45026
4203,3574.6,77050,30.528,723.32,461.36,0.22112
4203,4716,76298,31.902,344.55,134.88,0.43733
4204,5014.1,76619,22.756,702.66,367.6,0.31306
4205,3749.9,76886,28.899,231.68,257.8,-0.053361
4213,3837.2,77270,41.619,425.84,288.24,0.19269
4215,5250.5,77156,36.928,282,153.73,0.29439
4220,4388.7,76097,24.913,471.31,451.73,0.02121
4222,4897.1,76750,35.989,546.13,328.65,0.24861
4222,4927.6,76751,30.598,745.47,494.45,0.20245
4222,5716.5,78392,27.166,327.29,291.59,0.057689
4222,6365.3,75814,33.262,430.77,324.88,0.14013
4223,4767,76843,33.265,451.7,230.19,0.32486
4223,5643.1,78383,22.629,986.69,600.89,0.24301
4224,4866.3,76278,14.209,1165.6,562.54,0.34898
4224,5208.9,78483,23.6,481.32,415.55,0.073333
4224,5727.1,78293,25.625,251.79,233.34,0.038037
4225,4827.5,76246,12.943,1035,597.1,0.26831
4226,3426.8,76881,31.665,447.12,360.38,0.10742
4226,4957.2,76461,32.435,402.81,352.1,0.067165
4227,5324,76426,19.175,924.81,431.79,0.36342
4228,5319.9,76501,23.592,857.02,537.59,0.22905
4229,3753.1,77266,29.023,281.11,103.18,0.46301
4229,5362.9,76431,37.416,420.63,178.21,0.40482
4229,6416.3,77054,30.646,504.57,123.87,0.60579
4231,4675,78145,29.839,527.78,397.97,0.14022
4231,4937.2,76338,30.047,455.92,398.58,0.067105
4232,4883.7,76240,18.028,328.27,166.18,0.32781
4234,5051.4,76553,36.008,252.55,189.37,0.14297
4236,4738.2,76699,26.754,637.59,209.23,0.50585
4238,5078.8,76673,32.925,407.72,254.22,0.23189
4238,5130.1,78222,26.053,306.8,145.33,0.35715
4238,5920.3,78591,28.784,916.89,550.05,0.25007
4239,3784.8,77309,26.061,467.37,269.16,0.26912
4239,5181.6,76566,27.212,322.74,264.24,0.099666
4239,5880.3,77274,33.123,675.02,517.72,0.13188
4240,3560.2,77439,35.075,290.24,175.96,0.24514
4242,4202.4,78538,38.922,427.17,443.74,-0.01903
4243,4207.7,78453,31.038,283.9,215.14,0.13778
4245,5781.6,78312,30.791,248.69,133,0.30309
4246,3651.1,77659,29.673,904.63,662.65,0.15439
4246,4714.6,78336,35.314,286.04,188.11,0.20652
4246,4936.4,76578,28.962,417.32,256.39,0.23886
4246,5667.2,78424,21.212,299.86,121.9,0.42194
4247,5680.2,78386,29.014,708.32,486.25,0.1859
4250,5748.7,78200,26.926,903.6,410.1,0.37565
4251,4491.9,78268,32.996,201.14,151.19,0.14177
4251,4695.4,76244,27.093,603.2,650.23,-0.037517
4252,6388.7,76088,31.924,422.33,168.8,0.4289
4253,4004.1,78434,37.53,561.06,388.58,0.18163
4253,6360.4,76598,34.705,425.99,211.77,0.33589
4253,6348.5,76821,33.606,500.47,334.28,0.19909
4254,3959.5,77500,33.447,333.49,165.42,0.33688
4255,4046.1,78264,37.489,626.5,236.73,0.45153
4255,4364.4,77672,45.609,991.87,679.27,0.18706
4255,5433.3,76178,33.557,326.5,176.68,0.29774
4255,6151,75914,35.407,424.49,429.25,-0.0055755
4256,4216.4,77744,28.431,428.93,280.16,0.20981
4258,3991.6,75812,33.934,662.58,681.09,-0.013776
4259,5796.2,78287,22.515,292.37,132.16,0.37737
4259,6271.6,77838,32.908,318.32,198.51,0.23181
4262,6176.5,77646,36.032,755.57,400.91,0.30667
4264,4752.3,76139,20.715,832.36,589.85,0.17051
4264,5787.8,78272,28.393,282.92,314.02,-0.052112
4265,4839.4,76252,23.595,527.9,375.77,0.16835
4268,4591.8,76367,28.613,515.45,257.93,0.33297
4270,4380,76075,34.557,270.05,168.87,0.23051
4275,4961.5,76070,30.988,261.23,117.87,0.37815
4275,6008.9,77254,32.783,270.58,125.59,0.36597
4277,5721.5,78240,16.953,582.99,353.14,0.24553
4278,5652.3,78241,16.038,784.56,670.15,0.078646
4279,5280.7,77299,31.627,226.44,103.42,0.37294
4280,5190.8,77057,19.9,1174.6,682.56,0.26493
4281,5223.9,77113,39.35,643.11,368.6,0.27134
4286,5601.2,78505,32.598,273.94,264.8,0.01698
4287,3974,77616,36.385,406.09,154.49,0.44882
4288,5296.9,77027,34.568,231.13,167.11,0.16077
4289,3803.7,77377,17.671,1220.3,595.81,0.34387
4289,5645,78217,26.391,202.55,138.68,0.18715
4290,4243.5,75945,32.713,425.14,257.45,0.24566
4291,5823.5,76831,31.755,415.82,401.9,0.017023
4291,6228.1,76322,31.756,332.06,162.29,0.34342
4292,6193.2,76775,37.05,752.73,409.53,0.29528
4294,6231.2,76377,18.615,586.33,328.5,0.28184
4295,4214.6,77063,37.577,405.72,172.63,0.40302
4295,6187.1,76401,27.884,285.82,184.11,0.21644
4296,6192.9,76479,34.902,349.6,143.18,0.41888
4297,6096.4,78559,27.559,1242.3,721.52,0.2652
4298,4432.2,77695,21.557,1215.8,947.59,0.12397
4298,5714.3,78321,31.829,290.77,211.88,0.15696
4299,4411.2,77751,38.355,449.62,274.1,0.24252
4301,6101.4,77899,34.642,244.75,200.46,0.099474
4302,3443.2,77855,31.955,221.98,279.39,-0.11451
4303,6073.8,78061,30.194,248.56,157.57,0.22406
4305,4713.4,76946,32.711,448.35,365.31,0.10206
4306,3496.9,77000,31.549,679.66,628.43,0.039161
4308,3849.2,78287,34.658,527.33,396.8,0.14125
4311,4457.1,76062,30.693,728.58,622.16,0.078793
4312,6171.8,78009,28.048,656.71,589.38,0.05403
4313,6101.7,78161,26.507,747.98,639.42,0.078246
4314,6067.6,78245,38.139,373.6,242.76,0.21227
4316,3520.2,77300,21.179,456.58,165.43,0.46808
4319,4096.6,76074,20.436,492.61,417.27,0.082802
4319,5878.4,78492,24.217,437.62,151.42,0.48587
4320,3934.2,76209,25.735,777.91,652.49,0.087686
4320,5997.9,78606,21.933,640.79,326.78,0.32453
4322,5300.9,76479,33.753,597.69,219.14,0.46344
4324,3547.8,75787,35.783,608.99,686.94,-0.060149
4324,4413.1,77014,30.754,367.66,315.61,0.076175
4324,5036.2,76429,16.104,1304.5,631.27,0.34777
4329,3721.6,77576,36.163,844.34,558.62,0.20365
4330,3555.7,76586,33.173,717.95,297.58,0.41394
4330,5746.2,77943,34.842,359.8,215.72,0.25034
4331,5016.6,78367,32.243,443.87,403.09,0.048154
4333,5835.2,76253,32.545,389.75,274.6,0.17333
4334,6242.8,77534,36.194,569.81,402.88,0.17162
4337,5077.7,76824,32.795,297.95,196.92,0.20416
4338,4878.9,76824,37.244,236.52,120.17,0.32618
4338,5317,78258,26.808,521.09,362.08,0.18004
4340,5123.7,78113,22.678,629.36,329.72,0.31243
4341,3853.8,77265,36.446,827.17,608.65,0.15219
4341,5872,76314,32.906,318.82,207.53,0.21143
4342,5745.2,76587,22.348,709.47,247.92,0.48209
4343,5301.5,77549,31.983,273.72,210.42,0.13074
4343,5370.6,76297,37.068,334.48,213.43,0.22093
4343,5915.3,76849,33.422,626.22,187.38,0.53937
4346,6263.8,77560,33.454,354.61,156.42,0.38782
4347,4217.9,77714,30.171,454.18,229.96,0.32774
4348,4102.4,77769,29.275,201.01,186.1,0.038495
4349,4163.7,77670,36.347,374.66,308.78,0.096394
4350,6244.2,77492,30.791,476.36,207.58,0.39298
4351,5540.7,76473,33,547.02,300.48,0.29091
4355,5575,76060,36.196,477.04,343.74,0.16241
4357,3464,75953,34.403,183.72,269.75,-0.1897
4357,5462.5,76946,31.318,268.72,226.99,0.08418
4358,5143.6,76930,37.744,258.69,123.06,0.35528
4362,3775.1,77019,35.058,187.99,159.52,0.081906
4363,3683.2,77081,35.779,662.97,406.4,0.23992
4363,5646,78209,25.228,295.9,248.89,0.086274
4364,5741.8,78182,30.19,154.13,256.41,-0.24912
4368,5278.1,77213,32.181,172.61,144.9,0.087268
4370,5403.9,76947,37.714,247.62,185.68,0.14295
4376,3813.5,77383,35.946,455.76,235.73,0.31821
4376,5728.2,77663,34.917,403.85,220.27,0.29414
4376,6022.5,76670,29.152,384.22,179.51,0.36314
4377,5509.6,77790,30.188,650.22,366.05,0.27962
4378,6081.9,76357,30.278,386.86,206.26,0.30449
4379,5022.5,78394,31.425,381.58,329.47,0.073282
4380,3799.4,77512,28.421,477.28,155.15,0.50935
4380,5096.5,78342,31.592,472.18,261.12,0.28783
4381,3523.4,77167,34.275,717.19,526.44,0.15338
4382,5498.3,78142,30.95,560.43,576.97,-0.01455
4382,6156,78667,37.077,894.11,574.51,0.21762
4384,4073.7,78532,21.049,818.3,426.63,0.31461
4384,5232.3,76637,26.63,580.55,431.15,0.14767
4384,6034.8,78522,39.093,264.85,186.66,0.17317
4385,5007.4,77950,24.269,377.54,204.68,0.29689
4385,5582.8,76079,31.058,252.86,130.25,0.32005
4386,3835.3,77478,34.225,281.28,227.21,0.10634
4386,4463.5,76009,40.22,263.85,230.17,0.068177
4386,5256.1,76868,28.234,453.2,220.78,0.34484
4388,4547,76061,34.719,401.98,217.5,0.29781
4389,4384.5,77948,32.95,113.65,137.91,-0.096457
4389,4543.4,75941,32.166,1040.7,491.06,0.35881
4389,6322.1,75905,35.425,357.91,341.16,0.023951
4390,4699.5,76697,37.541,234.27,214.99,0.042906
4391,4561.3,76899,27.876,542.68,267.24,0.34009
4391,5252.3,76043,26.616,776.97,406.85,0.31265
4391,5201.7,78230,35.26,213.1,192.27,0.051402
4392,5378.8,76309,33.139,370.88,273.69,0.15078
4393,5470.8,76363,35.649,379.2,156.09,0.41679
4394,4515.8,76513,28.699,511.51,521.54,-0.0097122
4395,5020.9,77604,30.703,480.7,296.99,0.23622
4397,5713.5,78382,37.726,297.67,168.24,0.2778
4398,3698.2,77348,24.729,571.51,201.04,0.47953
4399,5737.4,76315,33.496,644.68,359.33,0.28421
4400,4070.5,77660,31.253,424.51,296.09,0.17821
4401,5579.7,76444,35.27,242.03,147.2,0.24364
4402,5538,78683,29.748,311.79,122.6,0.43553
4404,4082.6,77682,33.409,441.57,481.21,-0.042953
4405,4099.6,77821,36.114,316.34,181.22,0.27156
4405,5150.2,76442,21.179,599.61,272.57,0.37496
4406,3601.7,75837,29.321,428.23,226.69,0.30775
4406,4211.4,77761,31.507,287.42,183.97,0.21946
4406,4279,76674,29.844,500.99,380.93,0.13613
4407,3865,76143,30.053,928.56,407.63,0.38987
4408,3995.4,76090,24.133,771.16,352.93,0.37206
4408,4675,77882,30.288,444.16,204.12,0.37026
4408,5717.2,78232,24.421,325.41,341.26,-0.023767
4411,4621.7,77954,29.125,561.19,192.31,0.48954
4411,6398,77812,38.134,130.64,177.41,-0.15181
4412,5705.8,78473,28.172,291.12,156.97,0.29939
4412,6310,76325,24.37,222.2,167.17,0.14133
4413,4244.2,78642,31.759,273.1,163.42,0.25124
4413,5122.4,76662,24.867,501.73,239.41,0.35393
4415,3609.3,77156,14.907,801.12,358.92,0.38119
4415,4346.9,78172,38.608,466,471.16,-0.0054982
4415,4833.6,78231,35.088,422.14,386.97,0.043468
4415,5653.6,78377,19.553,1042.1,522.53,0.33208
4416,3532.3,77136,23.153,826.07,756.88,0.043709
4416,4838.3,78266,30.182,506.98,332.29,0.20814
4417,4554.7,76294,30.433,423.07,225.47,0.30468
4417,6269.8,77578,24.761,556.36,238.95,0.3991
4418,5150.2,78620,23.575,725.05,377.05,0.31575
4418,5946,78536,20.331,533.94,165.02,0.52781
4419,4280.3,76578,24.625,844.06,629.37,0.14571
4419,6127,78094,37.299,581.21,431.85,0.14743
4420,3711.5,78671,26.113,497.82,255.23,0.32214
4423,4902.2,78256,32.761,202.48,105.6,0.31448
4430,3649.8,76482,30.234,377.76,123.8,0.50634
4431,5350.8,76176,33.308,563.85,428.94,0.13589
4433,5170.1,76496,38.092,432.94,321.36,0.14792
4433,5542.5,78539,23.414,462.83,303.22,0.20836
4434,4715,76362,36.827,504.57,438.81,0.069703
4434,5540.7,78386,26.7,288.01,253.23,0.06427
4435,6378,77819,32.671,321.05,158.93,0.33778
4439,4559.6,78263,29.845,250.39,118.26,0.35844
4439,5790.2,78204,17.858,826,531.81,0.21667
4440,5720.1,78291,17.896,355.87,197.3,0.28666
4441,5666.9,78377,26.175,927.36,460.83,0.33607
4447,3744.2,75925,22.359,459.07,248.73,0.29718
4447,5375.6,77444,29.161,202.73,122.81,0.24551
4447,5386,78450,35.615,412.48,295.28,0.16559
4448,5310.1,78391,34.016,391.93,314.62,0.10941
4450,4020.9,78656,29.366,488.17,385.77,0.11718
4450,5802.2,76771,34.65,658.53,573.78,0.068776
4451,6023.8,76432,33.004,712.46,380.15,0.30414
4454,4662.3,78703,29.622,729.24,383.62,0.31057
4455,4690.4,78470,27.494,664.8,351.28,0.30857
4456,5297.4,78574,25.998,447.61,219.28,0.34238
4457,5252,78662,35.573,362.69,211.8,0.26265
4458,4872.2,78289,32.629,399.06,198.3,0.33608
4460,3750.8,76626,37.574,252.4,171.77,0.1901
4460,5120.4,76266,35.329,693.61,212.91,0.53026
4460,5220.6,78610,25.341,463.69,155.38,0.49802
4463,5651.3,78484,28.865,483.87,273.36,0.278
4464,4781.7,78342,26.217,337.66,187.95,0.28482
4467,5803.8,76336,24.542,792.88,529.79,0.1989
4473,4193,77248,29.314,674.21,504.68,0.1438
4473,4776.4,78354,26.116,796.01,278.25,0.48196
4474,4201.2,77596,33.746,390.55,424.91,-0.042134
4475,4518.6,77692,29.318,526.03,250.37,0.35505
4479,6369.7,77545,28.112,353.7,158.99,0.37977
4480,3621.3,77174,33.972,548.56,402.65,0.1534
4480,5847.5,76659,36.277,555.47,480.76,0.072104
4480,6268.1,77470,28.506,489.56,391.62,0.11115
4483,4059.2,78485,35.532,496.15,350.48,0.17205
4488,3511.2,77291,19.886,548.5,174.93,0.51638
4490,3526.2,77396,26.364,328.59,101.27,0.52882
4490,4692.1,78435,35.242,603.65,255.3,0.40555
4490,6087,78482,30.742,230.33,119.9,0.31529
4493,3853.7,76174,32.817,602.4,337.1,0.28239
4494,5561.3,78584,28.141,503.13,253.94,0.32916
4494,6192.6,76264,31.125,436.31,163.29,0.45534
4496,3987.1,77318,36.364,278.2,171.38,0.23759
4498,4893,78680,32.546,410.11,112.96,0.56808
4498,5877,76635,27.368,678.61,626.82,0.03967
4504,3759.7,78413,33.931,586.21,425.61,0.15872
4504,5734.9,76548,31.162,570.09,332.79,0.26282
4505,5628.3,76619,21.179,782.04,349.68,0.38204
4508,5397.8,76082,34.301,362.61,111.38,0.53004
4510,6194.9,78716,21.022,528.96,369.21,0.17786
4511,5235.4,77736,28.042,673.22,420.87,0.23065
4512,5439.4,77652,29.711,236.12,308.86,-0.13347
4512,5794.3,78257,21.104,489.88,706.61,-0.18114
4515,3858.2,77555,31.596,675.16,745.23,-0.049331
4518,5916.3,76449,28.622,1024.8,672.9,0.2073
4520,4610.1,77445,30.091,781.87,749.29,0.021276
4520,5613.9,76765,35.325,418.96,321.93,0.13096
4521,4635.4,77675,37.772,643.87,476.35,0.14954
4521,4675.5,77872,35.989,546.8,446.71,0.10075
4525,3452.3,78162,23.755,554.26,460.78,0.092097
4525,4957.6,76214,36.451,265.2,147.49,0.28524
4526,4743.3,76110,30.339,650.05,351.15,0.29854
4526,5625.9,76977,34.138,426.64,222.95,0.31357
4528,3593.6,77204,31.793,505.21,260.52,0.31956
4528,5191.9,77537,32.596,486.24,245.88,0.3283
4532,4670.6,76000,34.6,463.74,399.27,0.074703
4533,5661.3,78229,32.473,213.16,192.81,0.050125
4533,6370.3,76299,29.134,368.49,308.87,0.08802
4534,4024.9,78120,34.659,311.98,130.36,0.41059
4534,5750.9,78202,27.298,612.3,201.05,0.50562
4535,3930.3,76015,37.789,751.62,528.49,0.1743
4536,4338.5,78496,32.333,658.37,501.64,0.13511
4537,3873.8,77016,34.683,516.41,398.84,0.12845
4538,3606.4,77544,29.293,580.54,260.13,0.38113
4539,3873.4,76357,33.66,1065.1,678.78,0.22151
4539,5389.7,77502,17.896,960.99,643.3,0.19803
4540,5067.4,78480,33.392,595.48,257.61,0.39606
4541,3964,76358,26.71,884.88,685.18,0.12719
4543,5483.4,78576,25.623,651.75,304.71,0.36284
4544,3542.1,78265,28.447,246.91,187.7,0.13625
4544,5726.1,76682,32.416,247.49,180.29,0.1571
4547,3727.1,77291,26.957,222.61,185.71,0.090367
4548,5108.9,76624,27.604,760.15,308.77,0.42227
4548,5718.4,77745,31.871,152.09,218.03,-0.17817
4549,5653.9,76500,23.443,498.85,218.88,0.39008
4550,5101.8,78003,35.282,306.01,182.88,0.25186
4550,5647.1,76593,27.647,617.96,585.23,0.027203
4552,5171.9,76358,24.148,496.86,272.71,0.29127
4552,5849.6,77867,28.4,721.93,480.48,0.20081
4553,4200.5,77587,37.134,240.84,109.91,0.37329
4554,5054.8,76343,23.968,946.08,502.41,0.3063
4554,6321.4,78389,22.657,1103.5,373.86,0.49389
4555,6023.5,76253,29.399,243.19,118.19,0.34589
4556,3621.2,77720,33.098,701.89,394.49,0.28038
4556,3941.9,76123,40.874,263.96,510.72,-0.31853
4556,4500.1,77599,34.639,279.64,111.99,0.4281
4557,3853.5,77894,30.779,439.36,303.53,0.18284
4557,6213.6,76282,36.693,454.59,291.45,0.21867
4558,6186.3,76206,31.373,286.28,128.04,0.38193
4559,5874.1,76326,32.135,462.56,386.8,0.089195
4560,5278.7,77235,34.905,366.46,233.27,0.22207
4560,5282.7,77460,43.942,395.85,611.72,-0.21425
4561,5548.3,76414,32.83,485.87,166.27,0.49008
4562,6379,76398,28.601,774.05,555.6,0.16429
4563,5767,76469,16.316,1472.9,773.95,0.31109
4564,3578,77735,35.108,444.3,189.87,0.40121
4565,3712.7,77809,40.236,629.7,471.23,0.14394
4568,4466.2,77819,31.625,588.77,197.94,0.49679
4572,3489,76412,35.898,928.05,419.39,0.3775
4573,5177.9,77237,22.585,597.58,310.83,0.31566
4573,6185.2,78069,31.962,665.34,652.02,0.01011
4574,4329.6,75878,35.181,841.67,674.16,0.11051
4574,4979.4,76239,31.741,321.49,138.82,0.39684
4575,5049.6,75861,34.227,624.02,209.17,0.49791
4575,5382.9,77025,39.026,482.94,373.23,0.12814
4577,4877.1,76806,36.31,366.57,392.23,-0.033811
4577,4859.2,77891,30.04,325.02,201.08,0.23558
4578,4481.9,78067,37.144,338.74,389.76,-0.07003
4579,4428.2,75745,35.786,536.48,387.79,0.16088
4579,4679.5,78241,27.929,559.92,311.02,0.28578
4579,5595.7,76476,28.563,724.95,381.51,0.31039
4583,6077.1,77904,27.955,283.42,131.81,0.36513
4586,5362.2,75819,28.935,333.98,232.04,0.18011
4587,4524.8,76138,25.042,257.05,127.77,0.33596
4587,5857,76578,31.271,370.07,144.91,0.43722
4588,5430.7,77756,34.788,337.12,163.65,0.3464
4589,5625.1,78185,29.171,242.69,260.7,-0.035784
4590,4477.2,78630,37.917,523.25,423.43,0.10544
4591,5894.7,77812,23.063,469.83,187.69,0.42911
4594,5120.6,76256,29.69,458.2,156.72,0.49028
4596,3429.3,76875,33.272,638.91,479.99,0.14204
4598,3654.9,77705,27.61,539.65,315.86,0.2616
4598,4736.9,75872,33.013,315.41,219.96,0.17829
4599,3437.5,77204,35.641,347.33,219.87,0.22471
4599,4645.4,75968,25.392,270.97,149.47,0.28899
4599,6268.5,77632,32.184,1001.7,746.33,0.14611
4600,4423.7,76742,33.129,505.25,236.96,0.36147
4600,6151.3,77229,23.258,873.08,321.66,0.46154
4601,3541.6,77736,29.647,538.52,468.95,0.069056
4602,3485.1,78110,25.18,964.98,488.61,0.32772
4602,3486.8,77971,26.838,838.04,489.91,0.26216
4602,5174.2,77583,33.247,434.17,428.21,0.0069126
4604,3576.8,76918,31.632,628.11,593.38,0.028434
4604,4618.6,78563,33.888,232.05,109.73,0.35791
4605,3577.2,77222,12.702,1197.8,637.53,0.30526
4605,4522.8,78522,22.967,523.73,253.13,0.34833
4606,3570.4,77111,26.43,1072.7,272.34,0.59503
4607,6331,78589,31.496,538.2,297.54,0.28796
4608,6401.5,78653,29.435,293.92,191.79,0.21027
4615,3779.3,77466,33.244,488.26,270.04,0.28777
4617,3565.8,77427,22.891,413.14,338.92,0.098694
4619,3673.7,77306,35.014,260.01,153.67,0.25706
4620,4195.2,76211,33.902,338.6,151.87,0.3807
4620,5646.5,78531,19.257,515.78,233.4,0.37691
4621,5689.6,78537,23.509,440.86,210.07,0.35455
4622,5466.7,77252,30.626,309.18,201.67,0.21046
4623,3683.7,77324,28.612,563.21,336.68,0.25173
4625,4999.7,77945,29.736,724.58,454.13,0.22945
4627,6323.9,77584,36.456,235.5,123.63,0.31149
4631,6406.1,78525,33.352,679.52,355.56,0.31298
4632,6206.8,78576,27.491,544.49,163.02,0.53916
4633,4276.9,76074,37.752,598.58,440.38,0.15227
4634,3460.4,75871,30.701,452.53,310.65,0.18591
4636,5563,76854,31.19,794.35,387.32,0.34445
4637,5885,76029,35.438,475.75,182.66,0.44515
4639,3872,75942,25.861,325.53,152.84,0.36101
4640,3482.3,77090,35.554,211.17,104.73,0.33694
4642,5082.3,76677,25.615,781.96,580.59,0.14779
4643,4325.2,76081,24.276,791.54,587.62,0.14786
4643,5493.3,78663,31.705,733.99,529.79,0.16158
4644,5393.3,78577,24.219,325.77,197.79,0.24445
4644,5572.3,77605,30.571,619.87,666.62,-0.036344
4648,5753.2,78557,37.081,552.23,357.74,0.21373
4650,5151.7,77003,31.726,264.25,393.13,-0.19606
4650,6309.6,77952,33.587,325.53,308.95,0.026131
4652,3881.3,76217,32.589,999.74,774.47,0.12697
4653,4218,76311,32.86,444.53,226.1,0.3257
4653,5583.2,78060,28.959,460.1,611.72,-0.14146
4654,4105.2,78540,34.211,442.01,293.64,0.20168
4654,4282.4,76258,22.411,622.67,376.29,0.24664
4654,5682.6,78154,31.669,388.98,293.17,0.14045
4655,4274,76262,29.955,567.22,154.57,0.5717
4655,4235.9,78301,36.886,183.93,137.18,0.14559
4656,4012.9,75910,34.894,209.14,103.87,0.33633
4656,4087.5,78461,31.214,402.02,348.83,0.07084
4656,4979.5,76875,36.839,850.93,377.5,0.38539
4658,5433.4,78537,25.023,648.14,413.79,0.22069
4661,3556.1,78205,27.137,470.58,209.4,0.38409
4661,5709.7,78374,20.847,1031.6,544.23,0.30929
4663,5752.8,78322,23.758,269.52,228.68,0.081974
4665,5632.5,77752,36.343,578.33,139.25,0.6119
4666,3458,78063,32.33,314.77,108.91,0.4859
4667,5342.2,77443,33.071,256.62,131.39,0.32273
4668,5036.2,75968,28.758,564.52,380.88,0.19425
4669,5183.3,76405,27.907,641.15,362.28,0.27791
4670,4891.9,77301,28.467,874.28,550.54,0.22721
4670,5162.7,76689,31.34,398.01,193.85,0.34494
4671,3858.7,77152,33.17,515.04,467.41,0.048485
4671,5131.5,76973,32.031,715.32,422.31,0.25756
4672,3954.5,77438,31.235,684.66,375.81,0.29124
4672,4537.5,76272,28.399,637.92,367.29,0.26922
4672,5301.3,76846,28.708,373.35,211.94,0.27579
4675,4524.8,78219,30.215,519.5,269.52,0.31682
4678,3445,75867,20.845,474.92,219.85,0.36713
4679,6278.5,75752,30.196,255.44,175.19,0.18635
4681,4192.1,75898,30.279,211.05,143.45,0.19067
4685,5822.9,75744,28.421,424.76,233.24,0.29107
4685,6201.3,77588,31.417,242.53,162.22,0.19841
4686,3478.3,78134,24.876,619.21,344.34,0.28526
4686,5625.5,78353,23.536,268.23,244.87,0.045534
4686,6083,77538,32.831,386.4,296.94,0.1309
4687,4383.8,77153,37.788,408.49,377.38,0.039587
4687,5653.1,78335,18.267,306.57,184.88,0.24761
4687,5800.9,76780,31.572,312.72,357.26,-0.066479
4688,5687,78189,20.37,283.63,254.01,0.055101
4689,3554.1,77201,31.992,463.62,362.84,0.12195
4689,5337.7,76446,30.055,877.27,330.26,0.45299
4690,3630,78065,26.619,534.74,225.06,0.40759
4690,5627.7,77819,32.927,315.37,299.51,0.025796
4692,3720.9,77703,33.166,743.95,528.29,0.16951
4692,4094.3,78524,31.83,476.87,337.59,0.171
4692,6392.4,76986,37.034,382.41,358.01,0.032948
4693,5273.8,76538,30.16,424.22,240.45,0.27648
4693,6344.5,76927,28.106,629.78,430.49,0.18796
4694,4959.2,77502,33.92,345.43,183.75,0.30552
4694,5275,76546,26.278,495.96,229.31,0.36767
4695,3777.1,77991,30.023,352.99,156.17,0.38656
4696,5772.5,77432,26.53,489.44,224.74,0.37064
4696,6384.8,76191,17.667,594.31,355.51,0.25142
4698,5938.6,76685,25.456,273.04,169.61,0.23367
4699,3557.8,76078,29.564,204.77,163.7,0.11146
4699,6013.8,76387,34.675,608.85,411.77,0.1931
4700,4063,78654,27.627,478.56,185.04,0.44232
4701,4003.6,76148,33.985,587.75,477.96,0.10302
4701,4774.6,76257,25.632,287.62,200.99,0.17731
4701,5557.2,75808,24.247,485.18,292.77,0.24733
4701,5669.3,78244,31.083,603.58,449.31,0.14652
4702,5413.3,75908,29.171,758.85,453.77,0.25158
4703,3469.7,78134,23.905,280.75,189.49,0.19408
4703,5651,76464,30.431,457.92,119.91,0.58497
4704,5897.2,76538,21.683,576.16,317.68,0.28918
4706,4974.4,75743,23.518,312.13,242.52,0.12551
4706,6126.9,76405,28.948,517.76,255.15,0.33977
4709,3824.8,76107,31.238,338.93,197.15,0.26447
4711,5710.6,78241,36.097,305.33,271.95,0.057816
4712,3548.3,75979,31.491,635.05,464.33,0.15529
4712,5761.1,78306,34.455,434.46,418.22,0.019038
4713,4116.1,78158,31.008,241.5,205.07,0.081569
4715,3944.7,78280,32.93,320.24,137.44,0.3994
4716,5284.9,76845,24.81,975.6,720.65,0.1503
4716,5634,78166,38.515,171.49,184.51,-0.036585
4717,5255.9,76759,30.327,924.52,400.93,0.39503
4719,3655.4,77698,32.502,544.17,803.81,-0.19261
4721,3698.5,75793,32.217,413.55,192.85,0.36396
4721,4590.9,75979,26.832,222.8,151.93,0.18911
4722,5047.2,78404,33.757,564.76,263.08,0.36442
4722,5437.4,76470,33.586,280.6,263.29,0.031826
4725,4895.8,75914,33.415,186.34,209.47,-0.058445
4725,5131.8,78693,33.213,657.05,809.43,-0.10391
4725,5135.7,78469,28.464,595.6,496.28,0.090962
4726,5927.9,76122,35.453,252.57,154.32,0.24147
4727,3576.8,77307,25.997,643.88,413.4,0.218
4727,5126.5,76808,35.95,454.84,437.26,0.019703
4728,3716.2,77296,18.572,453.62,137.97,0.53355
4729,3599.5,77462,25.097,682.88,303.82,0.38417
4729,4583,76715,28.176,573.81,250.62,0.39202
4731,4281.2,76430,30.832,457.64,378.89,0.094142
4735,4571.8,76289,37.286,190.68,198.74,-0.02071
4736,4359.4,77864,33.852,458.92,249.38,0.29583
4737,4887.7,76375,21.413,492.37,330.51,0.1967
4737,5063.3,78514,35.33,390.02,195.19,0.33291
4738,6271.9,77566,32.454,337.19,414.31,-0.10262
4739,5629.8,77048,31.582,505.21,212.94,0.40698
4739,5780.6,78394,30.274,386.11,315.61,0.10048
4740,4925.5,76875,35.433,359.5,296.52,0.09599
4740,5693.5,77034,34.609,305.7,124.74,0.4204
4740,5751.6,78407,29.583,302.94,173.96,0.27045
4741,3519.5,75928,30.496,358.91,214.7,0.2514
4742,5840.7,75986,29.065,466.26,108.11,0.62356
4742,5705.9,78276,24.63,408.1,212.01,0.31622
4743,5179.6,78427,35.773,442.31,299.45,0.1926
4744,5787.2,77395,20.848,668.47,553.87,0.093755
4745,4759,78021,34.611,339.35,283.19,0.090221
4745,5870.6,77361,23.844,791.04,607.83,0.13097
4746,4280.4,76645,26.558,1649.4,1300,0.11844
4747,4300.6,76695,25.441,268.99,183.81,0.18811
4749,5403.4,76564,31.56,226.8,129.5,0.27309
4750,4564.6,77964,21.858,951.34,730.99,0.13098
4751,4657.9,78186,30.309,487.36,298.79,0.23986
4751,4886.1,76338,29.539,823.83,544.79,0.20389
4751,5511.6,76807,37.486,306.15,214.47,0.1761
4751,5428.6,78393,21.008,694.96,476.03,0.18697
4752,4620.8,78298,34.543,248.01,222.07,0.055193
4752,4865,76083,33.622,451.16,305.07,0.19318
4752,5588.8,75755,24.614,320.6,164.04,0.32306
4753,4680.7,78336,36.687,883.23,723.62,0.099334
4753,5119,77856,36.083,545.9,679.49,-0.10902
4754,3710.7,78385,32.513,534.12,365.47,0.18747
4755,4486.9,78222,40.764,305.46,347.35,-0.064174
4756,4963.8,75923,27.576,316.4,135.18,0.40132
4756,5613.7,78571,15.984,1858.9,1083.2,0.26366
4757,5286,78584,19.081,924.1,423.28,0.37169
4758,3968.3,78355,32.406,1143.2,566.14,0.33761
4761,5708.7,78287,18.433,1011.8,677.46,0.19791
4763,3727.3,77640,26.342,362.38,165.08,0.37405
4763,5813.9,78407,29.769,326.69,157.31,0.34996
4766,6282.5,76457,25.652,1015,409.4,0.42518
4767,6274.6,77084,30.162,694.69,278.58,0.42754
4768,6063.3,76538,28.701,557.09,210.57,0.4514
4768,6398,77555,20.748,1153,798.71,0.18154
4769,5346.8,78491,19.62,644.01,314.46,0.34383
4769,6346.2,77539,19.001,665.51,351.86,0.3083
4770,4665,75979,37.296,322.74,165.61,0.32176
4770,6152.6,77552,28.052,958.23,562.49,0.26023
4772,4222.9,76157,29.948,240.94,150.74,0.23031
4772,5167.8,75806,32.482,253.95,285.52,-0.058522
4773,6416.7,77297,37.755,574.78,234.69,0.42014
4777,3962.1,76749,35.532,342.56,276.78,0.10621
4777,5927.5,77097,35.266,257.12,294.86,-0.068375
4781,3555,77662,27.153,631.05,253.57,0.42671
4781,4819.4,76371,25.536,853.94,649.08,0.1363
4781,5685.6,78260,15.989,528.02,222.63,0.40683
4782,4267.3,76227,31.123,371.76,152.14,0.4192
4784,3705.6,78649,30.032,284.36,129.92,0.3728
4784,3935.1,78143,33.621,400.36,318.3,0.11418
4784,6302,78662,19.899,685.94,399.9,0.26342
4786,3760.8,78106,39.106,240.21,313.52,-0.13239
4787,5632.4,78565,25.998,667.51,393.76,0.25795
4788,5242.7,78509,21.295,784.48,384.91,0.34169
4789,3584.1,75862,30.55,831.84,671.08,0.10696
4791,3975.7,76184,26.486,370.38,130.77,0.47811
4792,5795.1,75783,38.009,358.71,264.76,0.15069
4793,3570.1,77273,25.835,887.88,412.66,0.3654
4796,3458.3,77116,24.442,215.98,119.26,0.2885
4796,4789.3,78647,32.363,454.98,499.29,-0.046429
4796,5206,76226,28.214,410.83,243.37,0.25598
4797,3557,77308,21.578,352.56,229.99,0.21041
4797,4913.5,76996,37.756,567.09,339.08,0.25162
4797,5897.2,76937,32.154,554.11,110.99,0.66625
4798,4811.4,77540,37.12,655.36,591.43,0.051279
4798,5889.3,76628,20.81,352.92,205.89,0.26312
4800,3794.3,77352,29.178,577.92,530.05,0.043207
4800,4990.4,75932,25.516,309.37,233.56,0.13962
4800,5141.1,77871,34.591,410.06,146.63,0.47321
4801,3648.1,77223,22.681,291.86,227.89,0.12307
4801,4997.3,75968,34.494,336.91,247.17,0.15365
4802,3642.5,77221,31.659,166,211.44,-0.1204
4808,4899.8,78612,32.589,186.5,235.06,-0.11518
4809,4356.1,77768,30.35,173.95,174.68,-0.0020893
4810,4430.9,77861,33.685,313.16,211.9,0.19284
4810,5681.1,77084,26.076,412.74,172.53,0.41042
4811,4785.5,78714,30.465,491.88,234.82,0.35374
4811,5425.1,78496,26.039,806.91,334.82,0.41348
4812,3747.9,77556,28.445,931.61,481.15,0.31886
4812,5647.3,76762,35.513,199.78,146.47,0.15395
4812,6314.9,77363,31.168,1111,535.46,0.34956
4813,5486.4,77639,32.312,441.07,246.31,0.28332
4813,6046.2,78363,35.899,281.23,246.57,0.065669
4814,6083.8,77864,27.424,439.48,276.9,0.22695
4815,5315.3,77653,32.276,450.05,125.92,0.56277
4816,5215.6,76212,32.11,315.08,118.77,0.45248
4817,4583.2,77791,23.422,712.41,387.57,0.29532
4817,5018.4,76031,26.102,261.28,225.08,0.074423
4817,6412.4,77256,29.747,529.55,403.36,0.13527
4818,4970.1,76310,32.804,363.05,157.57,0.39469
4819,4775.4,76329,17.862,412.27,235.58,0.27274
4821,4802.1,78055,28.484,475.66,491.15,-0.016022
4821,6122.9,77441,27.477,351.47,241.77,0.18492
4822,3821.7,76064,32.617,699.8,555.64,0.11483
4823,5172.8,77015,31.738,215.85,101.99,0.35821
4824,5694.9,77157,37.796,281.4,149.76,0.30531
4825,4874.1,78485,36.425,431.22,351.15,0.10235
4825,5852.6,77346,40.332,408.91,259.6,0.22334
4826,4345.8,77759,33.342,216.96,178.26,0.097925
4826,6116.8,78273,38.919,323.38,325.3,-0.0029647
4827,5063.5,78600,30.661,408.91,232.28,0.27548
4830,5067.1,78350,33.551,124.65,109.55,0.064474
4833,3455.7,77158,35.045,513.31,401.29,0.12247
4834,4625.7,75988,31.277,287.15,182.69,0.22232
4838,5174.8,78460,24.191,271.23,130.71,0.34961
4839,5681.6,78616,32.339,515.24,362.73,0.17371
4840,4450.9,78014,43.266,515.32,375.86,0.15649
4840,5529.6,78496,25.102,666.82,207.12,0.52601
4841,5498.9,78510,29.381,211.49,131.25,0.2341
4842,4995.4,77734,29.826,306.48,202.84,0.20348
4842,5604.5,77651,26.857,446.02,185.98,0.41147
4842,6253.1,76301,31.106,418.46,206.42,0.33932
4843,4475.9,76760,35.631,859.65,437.01,0.32595
4843,5523.9,77540,27.052,737.11,635.21,0.074253
4844,3488,77401,24.421,769.25,394.22,0.32233
4844,4637.8,76921,27.298,397.57,282.82,0.16866
4844,5358.3,77623,32.187,552.87,267.22,0.34832
4844,5667.8,76739,29.472,344.35,159.57,0.36667
4845,4647,76872,30.895,335.83,143.43,0.40144
4845,5855.6,76753,28.123,351.87,307.03,0.068054
4847,6376.4,75886,20.975,414.11,137.19,0.50232
4848,6357,75772,38.209,403.41,104.29,0.58917
4850,3421.5,78305,33.625,640.5,483.69,0.13948
4850,4985,77907,29.624,888.31,326.75,0.46217
4851,4775.2,76716,39.67,425.87,406.17,0.023669
4851,5173.6,78011,23.066,389.38,371.26,0.023823
4852,4559.2,76721,28.584,753.92,601.55,0.11241
4852,5520.9,78040,23.875,324.34,237.59,0.15438
4853,4936.4,76506,30.286,450.38,316.65,0.17435
4854,4723.1,76660,28.425,252,185.6,0.15172
4855,4663.2,76631,18.451,850.91,486.77,0.27221
4856,4936.1,76122,30.136,374.18,268.04,0.16527
4856,6269.7,76384,36.859,335.51,327.23,0.012488
4858,3451,77213,17.833,966.82,369.09,0.44743
4858,5128,75914,23.383,917.91,553.02,0.24807
4859,4628.8,75728,32.575,571.09,268.04,0.36115
4859,5622,78694,26.054,510.72,227.78,0.38312
4860,5204.7,76815,24.3,797.99,602.55,0.13955
4862,5960.7,78656,33.103,897.97,758.1,0.084459
4863,6185.2,78678,29.45,459.32,190.89,0.41284
4865,4256,77372,31.286,501.8,266.33,0.30655
4866,3662.9,78690,28.558,242.76,174.21,0.16439
4870,3660.9,76722,35.404,295.83,286.16,0.016623
4872,3867.5,77513,29.63,938.78,628.33,0.1981
4873,3670.1,77137,31.389,382.66,214.07,0.28253
4874,4504.5,78123,36.948,395.49,238.67,0.24728
4876,3462.9,76059,36.153,556.35,463.8,0.090725
4877,3739.8,77441,20.949,1065.8,550.42,0.31888
4877,4958.8,76103,36.486,781.82,316.87,0.42318
4878,3922.1,77397,28.813,983.1,850.91,0.072076
4878,5509.2,77833,30.322,272.89,190.58,0.17758
4879,5604.7,76047,30.619,271.72,117.13,0.39755
4880,3568.4,78396,33.487,259.99,150.79,0.26585
4880,4258.1,76616,34.611,411.97,352.48,0.077817
4880,4566,76573,35.613,586.62,371.77,0.22417
4880,5962.3,76842,25.883,603.54,349.54,0.2665
4881,6100.8,77071,24.117,504.57,197.7,0.43697
4882,4593.8,75985,27.387,262.34,101.84,0.44072
4884,5347.4,77642,25.092,559.16,153.83,0.5685
4884,6305.2,76390,31.213,323.37,176.11,0.29482
4885,4319.5,76488,18.047,976.71,669.23,0.18681
4885,4960,75842,23.965,445.23,182.67,0.41815
4886,4650.4,76641,28.546,1258.4,672.19,0.30363
4886,5252.9,76115,34.4,347.69,143.22,0.4165
4886,6103.2,78285,33.944,718.66,549.58,0.13332
4887,6088.2,78294,24.615,486.34,161.42,0.50161
4888,4684.9,76281,19.62,546.42,379.41,0.18039
4888,5239.1,78578,31.005,669.64,333.95,0.33449
4888,6053.7,76212,31.838,745.63,740.7,0.0033175
4889,4920.7,76224,28.392,443.45,456.56,-0.014563
4891,4290,76432,39.227,195.04,305.48,-0.22066
4895,5799.4,77806,32.321,463.62,313.33,0.19343
4897,4125.2,77874,29.704,625.28,459.88,0.15242
4897,5910,77756,38.56,203.93,177.4,0.069571
4899,3624.1,78363,37.839,292.1,185.25,0.22385
4900,3510.1,76772,48.237,358.99,269.8,0.14185
4901,4222,77326,26.083,676.96,287.7,0.40352
4902,4612.9,78596,29.806,353.09,265.31,0.14196
4904,5405,76414,26.815,442.26,313.51,0.17036
4904,6395.6,78687,27.453,187.72,141.9,0.13901
4905,5193.7,76468,24.582,469.51,304.85,0.21265
4906,5203.1,76532,24.418,414.91,149.42,0.47045
4906,5680.2,76983,25.324,385.27,302.13,0.12094
4909,5615,78320,28.279,324.9,101.82,0.52276
4910,5578.2,78269,33.691,442.9,468.58,-0.028176
4912,5498.4,76683,28.351,215.19,146.89,0.18862
4913,4881.5,76198,31.282,746.4,376.9,0.32894
4914,6167,77307,34.252,172.28,115.92,0.19556
4916,5327.3,78594,18.462,537.03,288.76,0.30064
4917,5285,78517,20.037,812.6,386.92,0.35487
4918,5255.2,78510,35.413,662.61,511.83,0.12839
4919,4778,76344,27.395,266.22,180.97,0.19062
4919,5347.2,78434,32.134,547.36,322.96,0.25784
4920,5045.7,77780,30.484,332.89,118.59,0.47465
4920,5527.1,78484,24.819,435.4,459.54,-0.026971
4921,5341.7,78437,29.715,468.68,239.31,0.32398
4923,3491.5,77311,21.013,383.15,162.04,0.40556
4924,4933.2,78380,25.357,513.6,371.02,0.16118
4925,4342,77192,24.771,834.53,587.07,0.17407
4925,5706,78222,30.507,315.91,184.56,0.26246
4926,3668.4,77299,20.115,1438.8,963.73,0.19772
4927,3609.4,77206,15.538,1314.6,743.99,0.27718
4927,4634.6,77244,30.058,858.06,527.31,0.23875
4928,3622.2,77376,21.145,520.42,366.71,0.17326
4929,4311.9,76443,24.06,828.4,198.63,0.6132
4929,4488.7,78645,26.492,671.82,407.07,0.24538
4929,6274.5,76391,30.522,233.48,184.64,0.1168
4930,4185.3,78507,26.386,743.18,441.68,0.25446
4930,6229.8,76264,20.268,302.7,195.16,0.216
4931,4221.7,78077,34.046,768.11,322.4,0.40872
4932,4070.8,77914,29.478,468.53,335.41,0.16559
4933,5339.7,78566,18.518,387.34,224.45,0.26624
4934,3824.9,77323,29.263,335.9,409.64,-0.098909
4934,4688,78013,37.338,566.47,282.46,0.33455
4934,5782.4,77662,26.927,371.4,144.7,0.43925
4937,4538.6,77816,30.474,844.36,316.94,0.45417
4938,3770.5,76354,24.039,271.47,130.4,0.35102
4938,5989.8,77475,25.585,227.06,123.44,0.29563
4942,3603,76568,27.991,702.42,429.39,0.24123
4943,4008.9,76233,32.084,210.83,141.56,0.19657
4943,4890.6,76208,35.165,302.6,110.75,0.46413
4946,4656.9,78536,33.98,735.84,250.38,0.49224
4946,5347.4,77075,21.54,609.93,304.12,0.33456
4947,4382.9,75867,23.2,336.96,292.95,0.069863
4947,5351.4,77057,22.628,599.41,378.88,0.22541
4949,4539.5,77929,36.898,738.41,378.57,0.32216
4951,5213.4,77316,26.451,318.5,347.94,-0.044171
4952,4752.1,76726,29.867,340.82,105.46,0.5274
4952,5248,77134,28.903,276.6,147.21,0.3053
4952,5621.4,76715,26.408,850.88,436.45,0.32193
4957,3632,77457,26.538,531.28,426.46,0.10945
4958,3512.4,77570,28.735,213.39,109.37,0.32226
4958,4743.1,76537,29.196,252.36,307.01,-0.097716
4959,4736.7,76537,28.303,425.93,464.05,-0.042834
4959,6131.3,77916,31.102,411.5,116.43,0.55892
4961,4746.3,76487,23.796,232.33,181.42,0.12303
4961,6039.2,78009,26.147,331.21,138.16,0.41128
4962,4780.3,76543,26.761,243.45,223.36,0.043024
4963,4724.6,76492,25.64,506.88,554.69,-0.045037
4964,4493.3,76461,23.481,803.75,536.96,0.19899
4966,3767.4,75850,28.573,387.34,132.76,0.48949
4966,4389.5,76951,25.806,806.03,596.63,0.14929
4967,3929.2,78637,30.891,560.63,324.07,0.2674
4967,5603.4,75912,30.085,342.9,158.37,0.36811
4967,5733.9,78627,30.74,224.28,128.44,0.2717
4968,4600,77676,34.464,162.72,126.28,0.12607
4968,5562.6,78528,34.776,228.52,144.06,0.22669
4969,3909.7,78605,26.577,328.75,105.13,0.51541
4969,4304.7,76853,33.175,277.08,185.82,0.19715
4970,4730.7,76941,19.476,1061.2,508.45,0.35214
4971,4902.9,76993,46.704,789.08,608.12,0.12952
4971,4909.6,76967,39.312,724.69,561.75,0.12666
4971,5176.6,78169,32.994,208.74,138.92,0.20082
4974,5032.2,76880,20.561,656.92,374.53,0.27378
4974,5466.8,78477,27.585,584.28,158.47,0.57329
4978,4313.6,75967,37.775,346.94,321.12,0.038643
4978,5020.7,76458,35.033,579.56,251.8,0.39424
4979,3692.9,77431,32.534,871.9,507.99,0.26372
4979,4448.2,76651,43.361,793.99,540.98,0.18953
4979,4369.1,77889,32.86,251.07,175.72,0.17653
4981,4105.3,77914,38.629,672.49,445.04,0.20353
4981,5210,78608,24.75,575.04,304.2,0.30804
4982,4819.7,77934,36.832,561.94,216.78,0.44324
4983,4076,75874,28.792,562.51,456.05,0.10453
4984,4108.8,75974,23.083,423.18,188.96,0.38263
4985,5692.9,78228,17.847,511.43,555.02,-0.040877
4986,4119.3,76788,33.824,560.5,391.07,0.17805
4986,5023.2,77139,31.644,527.8,339.77,0.21673
4987,3609.7,78711,35.589,304.37,147.84,0.34613
4987,4025.2,77423,30.089,824.6,393.94,0.35343
4987,5646.1,76911,31.906,275.8,156.25,0.27671
4987,5628.5,78255,16.847,373.74,307.77,0.096798
4988,3620.9,77263,25.598,534.86,214.22,0.42803
4988,5699.9,78273,24.411,393.6,328.37,0.090358
4989,5518,76590,25.474,366.57,229.25,0.23046
4990,3543.8,77908,33.235,412.86,294.72,0.16696
4991,5758.9,76682,29.611,652.44,361.81,0.28654
4992,5724.3,76630,25.685,305.94,150,0.34201
4994,3492.2,78132,34.145,977.74,439.97,0.37932
4994,5160.4,78441,25.569,411.92,254.51,0.2362
4995,3535.9,78117,34.989,453.72,283.87,0.23028
4998,4355.3,75740,29.889,385.27,612.3,-0.22758
4998,6237.6,77676,30.483,406.92,335.88,0.095644
4999,6255.7,77427,32.157,245.52,291.08,-0.084912
5000,4004.1,77529,29.008,184.02,149.33,0.10408
5004,3543.4,77259,29.238,491.6,275.14,0.28231
5005,4565.3,76859,46.746,368.62,344.07,0.034457
5005,5373.9,78586,35.435,423.1,271.93,0.2175
5005,5614.9,76683,37.443,499.67,467.11,0.033682
5007,3518.4,77259,30.646,514.33,307.33,0.25194
5008,3511.8,77077,26.356,526.38,287.93,0.29282
5009,3620.8,76910,31.227,533.02,421.58,0.11674
5009,6247.7,78173,34.597,415.26,259.82,0.23025
5012,5623.9,77047,29.027,476.26,142.38,0.53969
5015,6141.1,77042,33.904,309.47,196.35,0.22364
5017,5089.8,78614,27.34,508.08,453.71,0.056531
5018,4561.8,76610,34.837,439.13,389.41,0.060009
5018,5004,78554,38.392,457.99,415.2,0.048999
5019,4652.8,77634,34.448,1069.8,447.38,0.41023
5020,5895.2,77946,31.257,310.81,454.88,-0.18815
5021,3704.2,77214,28.181,1081.6,776.58,0.16414
5021,5083.2,76873,29.445,384.61,409.74,-0.031643
5022,3894.6,78377,28.85,722.07,687.86,0.024262
5025,4749.5,77802,34.2,223.84,205.46,0.042817
5026,4642.9,77507,37.914,427.74,520.97,-0.098278
5026,4857.2,78711,23.903,494.51,210.67,0.4025
5027,4177.1,77847,33.556,286.93,122.12,0.40289
5027,5141,78210,30.25,209.63,140.16,0.19858
5029,4586.7,76191,27.89,877.52,460.04,0.31212
5031,3892,76150,21.688,611.55,329.01,0.3004
5032,3849,75959,35.641,349.93,164.06,0.36161
5032,4803.3,76448,26.505,513.51,334.2,0.21153
5033,3466.7,77302,32.903,273.83,173.32,0.22479
5033,4574.6,76506,29.793,360.59,311.14,0.073615
5034,5510.1,76832,31.743,854.89,852.12,0.0016243
5035,3746.7,75988,36.78,275.8,214.56,0.1249
5036,3740.1,75967,30.865,291.41,158.72,0.29479
5036,5205.1,76996,21.962,553.71,377.64,0.18904
5037,6083,75896,31.641,424.54,431.18,-0.0077666
5038,4764.1,77698,26.768,338.13,163.42,0.34834
5039,4758.2,77801,26.176,244.14,119.02,0.34451
5039,4852.1,77811,30.459,363.97,208.17,0.2723
5039,5593.2,75839,26.718,373.67,175.42,0.36105
5041,4657.7,76927,21.492,737.3,328.13,0.38405
5042,4373.9,76554,31.596,862.58,977.93,-0.062671
5044,5809.4,75772,23.912,1202.9,603.07,0.33214
5045,5846.5,75842,28.787,883.71,478.24,0.29771
5047,5833.8,75732,27.891,736.54,590.45,0.11009
5049,5110.2,77954,26.177,205.5,155.3,0.13914
5051,5270.6,78641,30.052,206.41,195.75,0.026503
5052,4017.8,78097,37.07,232.45,154.26,0.2022
5053,6335.7,76573,31.302,748.85,536.95,0.1648
5054,5140.7,78718,32.265,425.04,339.39,0.11205
5054,6311.4,76140,31.715,573.75,439.25,0.13277
5055,6381.9,76264,33.873,332.87,357.11,-0.035129
5056,3481.9,76272,30.155,722.48,489.42,0.19231
5058,3673.4,77219,29.242,442.94,276.96,0.23055
5059,3541.1,77290,28.641,448.81,192.93,0.39874
5059,3916.3,78051,27.31,365.92,240.48,0.20686
5062,3428.9,78687,37.83,246.49,191.65,0.12515
5067,5795.2,76293,29.256,366.57,230.15,0.22862
5068,5817.1,76418,28.684,535.27,315.17,0.25881
5069,3570.5,76003,34.415,417.33,483.48,-0.07343
5070,3647.1,76468,36.93,566.64,450.77,0.11389
5070,3966.4,78488,21.41,385.33,216.1,0.28138
5070,5395.7,78567,36.374,293.2,139.19,0.35618
5071,4342.2,76405,25.934,568.55,513.25,0.051118
5072,4735.2,77984,31.108,528.15,326.74,0.2356
5073,4636.2,76028,37.817,393.18,105.76,0.57606
5074,4114.8,77559,31.376,295.46,153.37,0.31657
5076,4723,77939,25.871,278.08,152.76,0.29087
5076,4816.4,76734,25.832,585.09,455.09,0.12498
5080,5174,78726,31.53,432.43,213.11,0.33975
5083,5798.9,77796,36.38,372.02,362.97,0.012317
5087,4013.2,78694,30.442,289.76,124.48,0.39898
5088,4655.2,75982,32.937,561.26,238.61,0.40338
5090,4221.8,76429,23.434,423.3,139.29,0.50484
5090,5165.3,77128,35.741,513.88,170.49,0.50177
5091,6176,76010,35.065,733.43,474.22,0.21464
5091,6239.1,76986,32.141,773.53,616.54,0.11293
5092,4736.7,78042,35.621,307.39,141.75,0.36877
5094,3557.1,78489,33.125,359.62,170.44,0.35691
5096,3952.9,77930,37.214,677.89,433.9,0.21945
5096,4259.7,77059,37.759,357.73,203.26,0.27535
5098,5178.5,76160,22.351,609.97,371.42,0.24307
5099,5129.4,76208,25.451,372.75,218.02,0.2619
5100,3441.6,78314,21.936,630.96,350.81,0.28536
5102,3543.2,77141,38.81,551.57,414.26,0.14217
5102,4543,76645,34.815,738.7,471.8,0.22049
5103,4566.4,76698,29.08,616.47,273.82,0.38488
5103,4753.6,77999,34.691,528.84,283.62,0.30182
5104,4620.4,78066,28.215,820.42,457.82,0.28367
5104,4667,76274,23.652,589.02,427.3,0.15912
5105,4726,76318,14.651,631.16,397.55,0.2271
5106,4264,77818,31.318,884.23,393.55,0.38401
5107,4350.4,76767,31.332,477.02,365.52,0.13234
5107,4341.7,77936,21.592,499.11,233.95,0.36171
5108,5200.1,78483,30.576,229.79,109.9,0.35292
5111,6344.9,76438,38.202,448.46,350.53,0.12257
5113,3824.4,77288,25.171,733.59,429.46,0.26149
5114,3725.4,77382,23.506,540.76,264.47,0.34312
5114,4522.1,78259,34.823,443.86,359.7,0.10473
5114,4722,76315,17.519,667.93,424.23,0.22314
5116,3989,77450,20.794,467.36,255.84,0.29247
5118,6194.3,76693,29.347,282.11,147.95,0.31195
5124,4010.6,78001,30.059,545.03,442.42,0.10392
5124,4350.7,76962,28.018,390.18,126.91,0.50914
5125,4247.6,78100,37.67,359.37,196.26,0.29355
5125,4545.1,76841,28.032,429.99,291.04,0.19272
5125,4772.9,78589,32.402,385.36,175.41,0.37441
5126,3662.5,78206,27.724,362.69,190.88,0.31036
5127,5361,76430,27,246.27,175.62,0.16746
5128,4087.4,75932,32.944,331.38,176.82,0.30414
5129,4102.7,75749,36.906,465.54,357.04,0.1319
5130,3452,77247,25.929,421.86,165.74,0.43587
5130,3765,77905,29.067,1107,615.55,0.28531
5130,4166.6,76401,25.819,750.79,406.85,0.29711
5131,4037,78128,22.737,674.94,405.11,0.24983
5131,4140.1,76169,23.86,356.01,151.25,0.40365
5131,5931.1,77861,32.191,693.3,664.35,0.021324
5133,4982.6,78416,23.727,458.65,235.5,0.32148
5133,5666.8,77727,28.65,329.87,152.21,0.36851
5134,4132.8,78422,27.027,277.89,101.91,0.46337
5134,5296.1,78698,19.163,1184,796.65,0.19557
5134,5876.8,77912,23.049,829.88,459.97,0.28678
5135,4808.1,76297,20.325,414.28,194.73,0.36051
5135,6041.8,76669,34.042,305.34,174.32,0.27316
5136,4655,76269,28.896,773.04,451.23,0.26286
5138,5064.5,77759,25.521,580.43,235.53,0.42269
5138,5302.6,78499,17.371,773.12,396.11,0.32244
5139,4955.5,77792,30.668,884.92,525.2,0.2551
5139,5313.6,78588,26.844,273.11,178.59,0.20925
5141,4385.3,77101,36.914,592.67,296.29,0.3334
5141,5551.7,78532,25.207,959.74,679.76,0.17077
5142,3716,75768,35.171,653.1,398.48,0.24214
5142,4639.8,76760,25.089,159.08,146.35,0.04168
5143,6107.6,78122,34.034,490.9,466.63,0.02535
5143,6191.2,77818,31.634,787.49,692.06,0.064504
5144,6140.7,77851,24.987,720.75,550.37,0.13404
5146,4380.2,76290,32.756,384.92,439.98,-0.066748
5147,3475.6,78662,38.858,293.53,166.8,0.2753
5147,3703.9,76195,30.884,339.05,120.57,0.47535
5147,5350,77025,32.558,710.39,506.31,0.16774
5147,5388.3,77835,37.587,448.51,280.65,0.23021
5149,5523.4,78669,23.18,436.46,288.47,0.20413
5150,4453,78020,27.221,270.28,100.85,0.45651
5150,5583.3,76884,34.491,304.18,188.61,0.23451
5150,6305,76435,38.899,314.74,402.53,-0.1224
5150,6360.4,77259,34.203,352.75,267.38,0.13766
5151,3705.4,77344,25.422,457.05,157.52,0.48739
5153,3653.5,75928,35.963,310.05,210.19,0.19197
5153,5228.9,76431,29.747,303.64,198.15,0.21024
5154,4407.2,77130,32.458,644.67,449.21,0.17868
5155,3672.6,76010,26.833,1038.9,557.43,0.30161
5157,5152.7,78398,36.854,478.41,244.9,0.32283
5158,4378.2,76268,30.295,518.78,277.12,0.30363
5158,6327.4,76311,30.863,342.09,247.98,0.15949
5160,5943.3,77598,38.527,643.53,375.87,0.26257
5162,3547.9,78233,34.064,564.07,253.26,0.38027
5162,4937.6,76023,31.57,494.22,246.22,0.33494
5162,5374.4,78595,29.807,438.57,398.66,0.04767
5162,6144.6,78677,27.404,804.41,561.98,0.17742
5165,3527.4,78453,29.31,645.46,241.64,0.45521
5165,4345.2,76536,24.38,716.83,461.97,0.2162
5166,4457.4,76302,20.23,1030.4,381.12,0.45997
5168,4525.7,76526,23.466,755.91,353.75,0.36241
5170,4956.3,76426,27.458,528.89,775.6,-0.18912
5170,6123.3,78174,29.825,248.77,178.72,0.16385
5172,3771.5,78632,36.84,729.43,576.5,0.11711
5175,4286.6,76327,27.436,729.06,430.12,0.25789
5175,6164.7,78697,31.982,371.41,203.66,0.29171
5176,4361.8,77454,32.935,427.64,227.53,0.30542
5177,4178.6,77168,31.384,494.77,449.63,0.047799
5178,5492.7,77608,30.794,626.7,318.54,0.32601
5180,3874.5,75735,32.912,244.18,223.65,0.043875
5182,4440.1,78051,32.194,562.18,423.65,0.14052
5183,4484.2,78117,26.759,631.63,225.93,0.47308
5183,5709.2,75796,30.731,1128.1,743.83,0.20528
5183,5715.8,77270,28.483,431.58,396.09,0.042889
5184,5782.3,76095,30.301,453.85,138.73,0.53178
5187,6102.4,78650,31.866,598.45,354.45,0.25607
5188,5133.5,77896,19.326,590.39,412.19,0.17774
5188,5995.6,78664,25.141,545,191.53,0.47991
5189,5096.9,78158,25.569,571.78,334.37,0.26199
5190,6054.8,78559,28.724,867.17,587.87,0.19195
5191,3728,76477,33.891,278.16,139.46,0.33214
5191,6093,78717,28.531,575.67,404.5,0.17464
5195,4391,77827,30.736,506.23,316.7,0.23031
5196,4282.3,77562,26.16,709.34,600.56,0.083039
5196,6187.4,78646,33.595,317.3,240.31,0.13807
5197,4612.2,76301,22.186,516.61,334.76,0.2136
5197,6152.5,77484,35.312,269.36,162.52,0.24738
5198,4103.7,77038,28.43,719.82,636.39,0.061515
5198,4768,76163,28.565,638.63,460.3,0.16227
5199,3745,77240,28.889,427.67,363.34,0.081329
5201,3755.7,76356,35.109,528.99,351.88,0.20107
5201,4676.1,76253,20.871,437.05,249.83,0.27256
5204,5405.1,75820,28.517,379.92,122.23,0.51318
5205,5024.3,78290,25.792,487.8,434.98,0.057241
5205,5178.2,75792,37.776,228.5,192.18,0.086321
5205,6359.3,76330,31.931,268.58,150.56,0.28157
5207,5073,78513,23.067,386.64,251.28,0.21219
5208,4161.4,77024,35.343,333.62,121.72,0.46537
5208,5208.8,78552,12.868,398.31,191.96,0.34958
5212,4015.2,78647,25.987,512.74,178.06,0.48449
5212,4223.5,76306,33.118,437.98,267.08,0.24238
5213,4592.9,78522,37.905,395.85,317.25,0.11023
5214,4726.8,77926,28.469,355.73,122.87,0.48653
5215,4709.8,75833,32.47,638.01,369.18,0.26691
5215,4647.4,77939,36.31,205.04,127.7,0.23246
5216,4081.6,78463,26.599,525.98,268.44,0.32419
5217,3512.9,77122,23.067,701.87,560.89,0.11165
5217,3636.9,76525,27.533,867.04,544.55,0.22846
5218,3903.8,76324,30.537,597.83,368.06,0.23788
5219,4208.3,76163,32.616,718.67,462.68,0.21669
5219,4220.7,76497,33.969,674.39,420.6,0.23177
5222,6374.2,75851,34.231,360.85,226.21,0.22935
5226,5667.7,78397,26.952,702.2,637.32,0.048435
5226,6189.4,78267,32.258,323.37,307.7,0.024833
5227,4149.3,75742,31.649,250.02,255.61,-0.011041
5227,4771,78597,31.967,266.27,144.12,0.29763
5229,5753.2,77119,32.398,281.2,208.84,0.14766
5230,6028,76864,35.721,437.75,307.38,0.17495
5231,4419.5,76587,25.85,487.89,373.82,0.13238
5231,4775.6,77965,36.646,267.84,149.07,0.28487
5233,4460.5,76868,28.771,696.39,348.23,0.33329
5234,6230.3,77790,30.682,597.46,478.38,0.11069
5235,4256.6,76611,37.393,1173.3,521.21,0.38481
5236,4312.2,76288,30.926,368.72,217.36,0.25826
5237,4295.2,76991,26.182,256.24,125.39,0.34289
5239,5599.7,78323,19.718,324.85,181.24,0.28377
5240,5670.7,78227,15.415,454.87,162,0.47477
5241,5118.1,76059,36.502,336.49,365.88,-0.041845
5241,5663.5,78269,31.672,342.27,332.66,0.014237
5242,3711,77672,26.472,684.6,316.97,0.36706
5243,3959,76368,32.558,679.7,505.12,0.14735
5244,5262.5,76096,37.216,259.74,238.89,0.041815
5245,3501.6,78433,34.415,543.32,497.44,0.044084
5246,3732.8,77409,19.92,522.5,149.17,0.55583
5247,4946.5,76399,30.138,457.15,274.99,0.24881
5248,3762.1,78164,31.304,344.87,100.75,0.54781
5250,6201.1,77398,28.421,410.6,182.47,0.38467
5252,5278.5,76354,27.035,208.54,133.28,0.22019
5252,5595.8,78291,28.136,221.29,135.14,0.24168
5252,6367.1,78002,26.852,394.18,306.13,0.12572
5253,5746.3,75862,16.696,562.26,149.77,0.57931
5254,3499.7,76381,34.069,648.13,293.52,0.37658
5254,5110.7,78567,28.361,911.5,958.31,-0.025035
5256,4450.7,78195,29.637,618.46,490.21,0.11568
5257,3430,78248,23.125,541.53,396.61,0.15447
5257,4304.4,78343,24.713,847.94,563.32,0.20168
5257,4810,76082,24.005,426.8,167.95,0.43522
5258,3573.1,78143,30.799,410.64,336.92,0.098606
5258,4442.2,78361,26.159,719.41,558.3,0.12609
5258,5133.1,76204,32.373,324.52,184.13,0.276
5260,4535.1,78365,29.702,961.37,485.19,0.32918
5261,5654.5,76756,31.767,600.84,182.09,0.53484
5262,4919.2,77988,34.516,385.15,248.09,0.21644
5262,5890.4,76243,32.414,410.63,212.2,0.31859
5263,5638.5,78195,38.968,191.72,178.69,0.035175
5265,4524.2,77252,25.488,343.35,181.67,0.30795
5266,4192.4,77181,26.042,523.07,196.01,0.45482
5266,5241.7,77621,28.188,203.57,112.42,0.28845
5267,6208.3,77908,30.579,804.98,469.92,0.26281
5270,5064.4,75792,26.217,742.33,546.07,0.15232
5271,4358.5,77358,33.754,160.24,132.98,0.092963
5272,6403.9,77742,30.478,266.74,300.1,-0.058858
5273,4383.7,75808,31.614,303.33,248.51,0.099352
5273,6216.1,77804,30.09,202.47,155.18,0.13222
5274,4570,77479,34.775,357.89,282.18,0.11829
5274,6146.4,77762,31.036,694.3,371.41,0.30299
5275,3475.3,77491,29.42,256.61,111.07,0.39584
5278,4619.8,77470,32.408,434.28,590.32,-0.1523
5279,4107.7,77980,35.095,410.07,267.13,0.21107
5280,4404.7,77113,28.783,307.08,220,0.16521
5280,4818.1,76583,33.765,505.24,259.34,0.32162
5281,4411.5,76452,28.385,720.66,479.52,0.20092
5281,4686,77848,24.548,1021.4,421.55,0.41571
5282,4424.7,76401,27.159,441.61,309.58,0.17576
5282,5041.7,78314,30.928,302.67,163.87,0.29753
5283,4253.3,78198,31.881,284.37,152.11,0.303
5283,4365.3,76752,28.705,651.73,451.54,0.18145
5284,4479.2,76773,19.62,1126,905.49,0.10854
5285,3608.2,77318,22.834,526.33,262.95,0.3337
5286,4703.5,76326,25.119,611.7,537,0.065027
5287,4682.3,76359,17.504,369.53,192.49,0.315
5287,5120.1,78345,27.248,354.19,214.78,0.24504
5288,3486.7,77363,19.472,860.63,657.21,0.13402
5288,4653,76294,20.087,434.66,230.74,0.30646
5289,5182.6,78218,34.924,144.6,220.73,-0.20838
5289,5444.7,76485,24.462,399.84,288.31,0.16207
5290,5269.8,78294,37.162,150.08,261.82,-0.27127
5290,5336.3,76646,22.982,861.49,406.1,0.35926
5290,5710.7,77860,32.089,225.39,128.24,0.27472
5295,4163.5,76880,36.691,331.33,343.21,-0.017612
5296,4805.2,77216,31.403,270.81,211.91,0.12202
5296,5928.1,77543,27.574,404.66,349.95,0.072495
5297,4193.7,76884,33.943,556.44,515.04,0.038639
5299,3479.2,76699,31.012,403.79,271.46,0.19597
5299,4530.3,76848,37.924,589.09,319.48,0.29674
5300,4292.9,77031,16.221,763.8,494.6,0.21392
5301,4365,77212,29.748,152.12,176.53,-0.074282
5301,5536,77822,29.35,232.2,152.07,0.20852
5303,5894.1,77099,32.094,202.91,183.07,0.051408
5306,4939.6,77792,35.592,264.9,104.86,0.43281
5306,5138.7,78400,30.869,371.51,341.37,0.042278
5308,3511.5,77494,38.306,473.51,247.99,0.31257
5308,4815.4,78707,21.007,1127.2,589.05,0.31355
5308,5928.8,76531,33.876,282.9,176.07,0.23277
5309,4618,78340,22.185,588.27,407.26,0.18182
5312,6227.5,76241,37.513,557.84,745.64,-0.14407
5314,5190.4,78643,31.146,715.57,281.83,0.43487
5317,4038.9,77538,25.096,309.03,229.75,0.14716
5317,4983.7,76889,35.963,383.86,265.05,0.18308
5317,6065.3,77359,28.822,522.27,271.09,0.3166
5320,5071.2,77100,26.404,446.59,283.43,0.22349
5321,4218.2,76657,25.182,1067.4,654.01,0.24014
5323,3759.6,77963,20.263,364.13,131.08,0.47061
5324,5753,77958,36.659,421.08,310.02,0.1519
5327,5637.7,77625,28.801,395.16,175.03,0.38607
5331,3557.7,78256,34.337,187.68,157.38,0.087812
5333,3492,77382,21.18,646.17,347.64,0.3004
5333,4022.8,77685,31.713,631.16,671.72,-0.031131
5334,3676,77404,31.534,613.91,196.92,0.51427
5335,5681.3,77859,29.199,300.53,202.17,0.19566
5336,4968.6,77767,37.805,260.93,190.67,0.15558
5337,4925.8,77743,32.051,333.39,193.6,0.26526
5339,4204.7,77636,28.929,663.01,429.84,0.21336
5341,3560.9,76111,24.207,406.87,148.21,0.46599
5342,4201.5,78085,33.306,713.06,439.61,0.23723
5342,5006.4,76947,31.874,296.85,148.05,0.33445
5342,5533.5,77631,29.249,443,262.32,0.25616
5342,6283.7,76480,32.86,443.66,110.41,0.60147
5344,4037.6,77545,31.6,208.3,232.36,-0.054605
5346,3588.8,77219,30.395,316.92,170.1,0.30145
5349,5083.9,77615,28.08,206.93,146.7,0.17032
5350,4937.4,76573,22.283,840.44,350.4,0.4115
5351,3632.7,75761,31.891,657.31,491.81,0.14403
5352,3600.9,78173,34.174,427.57,400.61,0.032557
5352,4994.4,78204,34.541,283.11,232.56,0.098031
5353,5594.8,77156,33.361,423.7,210.25,0.3367
5354,4058.9,78665,36.019,428.89,361.35,0.085468
5354,5545,77131,37.613,194.33,162.47,0.089309
5356,3878.6,78179,36.984,222.95,102.06,0.37195
5358,5232.9,76165,32.871,306.86,177.07,0.26821
5358,5584.1,76935,30.715,470.62,457.2,0.014461
5359,4430.4,77662,37.315,624.52,538.49,0.073969
5359,5242.9,78607,32.316,320.12,298.44,0.035048
5360,5627.8,77680,30.904,687.19,519.17,0.13929
5362,4569,78088,31.272,299.86,104.66,0.48255
5362,4980.3,77609,29.318,673.83,365.95,0.2961
5363,3475.5,78259,19.987,797.5,454.74,0.27372
5363,5655,75776,31.593,243.51,145.78,0.25107
5366,4311.8,76630,26.999,708.69,377.85,0.30448
5366,4504.9,77959,32.402,999.04,417.48,0.41055
5366,5657.4,75946,35.928,468.36,159.24,0.49253
5366,5717.3,78431,29.893,505.33,365.94,0.15998
5366,6400.1,77352,25.92,536.31,386.42,0.16245
5367,4200.9,76604,27.512,648.58,393.88,0.24432
5367,5726.3,78514,29.161,918.32,526.92,0.27082
5367,6233,77450,29.053,600.28,382.4,0.22172
5368,4207.1,76810,25.875,414.49,161.88,0.43827
5368,4794.6,77755,25.62,1445.2,841.52,0.26401
5369,4929.5,77726,19.777,874.5,485.85,0.2857
5370,5037.9,76425,35.063,496.49,145.61,0.54646
5372,5268.4,78646,20.668,645.4,598.54,0.037676
5373,4704.7,77664,28.302,579.45,298.35,0.32024
5373,5181.1,78647,22.494,852.51,505.6,0.25544
5373,5708,76948,29.941,228.22,186.44,0.10077
5374,5086.3,76468,29.266,420.68,183.75,0.39197
5377,5312.3,76006,34.686,300.14,211.96,0.17219
5377,6012.2,77980,30.167,200.21,108.43,0.29737
5378,3673.2,78399,34.945,217.89,258.26,-0.084795
5378,3958.5,77976,31.781,239.69,215.3,0.053607
5378,5326.5,76216,34.829,298.75,227.15,0.13615
5380,4683.1,77030,26.635,413.13,222.44,0.30002
5382,6386.7,76428,29.282,312.22,246.01,0.11861
5383,4191.8,76650,31.742,440.22,159.94,0.46701
5383,6311.5,76367,31.04,248.67,108.53,0.39231
5385,4226.8,76301,22.883,488.36,322.25,0.20492
5386,4235.6,76311,36.746,541.75,298.06,0.29017
5386,5903.3,76993,35.224,444.32,375.87,0.083466
5386,6223.2,76379,31.861,223.61,158.33,0.17094
5387,3574.1,77847,47.503,436.65,370.53,0.081911
5387,3558.3,77890,36.39,335.61,264.88,0.1178
5389,4662.5,75972,26.858,496.75,402.24,0.10513
5389,6380.4,76405,46.23,384.23,480.4,-0.11123
5390,4717.3,75925,27.429,786.31,530.72,0.19407
5391,4500.2,76339,28.95,268.33,182.58,0.19016
5392,4338,76329,20.347,471.31,230.99,0.34218
5393,4491.7,76304,20.46,761.88,382.24,0.33182
5394,4346.8,76471,32.501,1136,648.78,0.27297
5394,5180.8,77646,20.755,343.1,354.83,-0.016809
5395,5803.9,76662,27.528,449.41,203.84,0.37592
5396,4610.6,78435,38.532,410.6,360.01,0.06565
5396,5985.5,76303,33.126,588.13,349.71,0.25423
5397,4037.6,77920,40.362,738.92,266.9,0.46929
5397,4421.8,76660,23.147,536.28,211.24,0.43483
5397,6124.7,78445,39.143,668.24,215.2,0.51281
5398,4569.2,78702,33.645,623.41,335.64,0.30005
5399,3807,76946,29.47,965.1,255.26,0.58167
5399,5238,75961,28.945,374.67,357.94,0.022835
5400,3738.7,75958,27.528,370.91,206.89,0.28387
5400,5105.9,76250,26.712,356.17,187.08,0.31126
5401,3445.4,77107,29.547,556.19,288.32,0.31719
5403,3884.2,76212,33.944,727.43,151.93,0.65445
5404,3583.3,77318,32.995,437.31,269.74,0.23701
5404,4207.6,76808,34.54,538,229.81,0.40139
5406,5606,78255,34.562,302.59,444.05,-0.18946
5408,3994.2,76551,17.853,515.96,112.23,0.64269
5409,5272.4,75945,35.761,282.69,225.43,0.11268
5409,6224.7,77335,33.79,376.22,105.31,0.56259
5410,4865.1,76541,34.62,347.28,205.52,0.25644
5410,6233.6,77243,24.733,393.57,278.61,0.17102
5411,3768.5,75866,33.853,314.62,236.64,0.14145
5411,6020.5,77474,34.844,292.52,312.05,-0.032303
5414,6195.9,77793,33.135,115.61,122.8,-0.030156
5415,3444.1,78308,35.466,477.96,308.63,0.21527
5415,4639.1,77399,29.157,474.9,510.65,-0.036269
5416,4239.2,76291,34.501,563.28,276.68,0.34121
5418,4770.5,76556,36.387,235.58,353.92,-0.20075
5419,5932.9,78403,31.61,723.19,647.11,0.05552
5420,3505.3,77167,33.878,290.62,202.98,0.17755
5420,5424.9,77577,33.397,513.13,344.31,0.19689
5422,6357.3,77796,38.624,268.81,214.93,0.11139
5425,3506,77563,24.832,605.73,324.95,0.3017
5426,3449.2,77541,24.882,660.75,520.63,0.1186
5426,4698,76325,21.111,534.75,364.61,0.18918
5428,4879.9,76397,31.264,150.01,145.05,0.016813
5430,5738.5,78716,33.996,342.82,249.17,0.15819
5432,4483.7,76749,39.446,311.98,300.3,0.019076
5433,3449.7,77288,21.966,861.93,473.82,0.29056
5436,3690.8,77322,38.68,323.52,245.37,0.13738
5436,5642.4,78627,25.014,681.73,508.11,0.14593
5437,5616.6,78642,25.442,819.76,526.05,0.21824
5438,4835.9,77258,20.624,348.04,468.3,-0.14731
5440,3803.9,78324,32.076,427.22,298.51,0.17736
5442,4317.9,78026,40.57,347.91,320.56,0.040907
5442,5059.3,78147,29.95,640.16,501.15,0.1218
5445,3470.3,77292,27.185,393.39,415.24,-0.027029
5446,4437.3,75946,23.337,255.55,111.07,0.39408
5447,3792.5,77561,30.97,343.54,257.76,0.14265
5448,3691.7,77494,31.302,445.23,269.9,0.24518
5450,3832.8,78122,29.286,564.57,360.38,0.22076
5454,5168,77455,37.405,140.15,155.61,-0.052283
5454,6235.8,78045,35.278,679.21,654.25,0.018724
5455,6279.8,77304,42.015,407.62,340.8,0.089283
5458,3906.4,78397,20.615,1001.9,444.07,0.38576
5458,5294.2,78535,25.817,269.25,254.86,0.027469
5458,5760.6,77834,33.252,275.46,244.47,0.059601
5459,5416.5,78330,34.724,481.8,251.55,0.31397
5461,3647.3,78417,35.733,723.73,650.91,0.052975
5461,4281.2,78402,33.956,488,432.11,0.060747
5461,5307.4,78488,24.255,284.01,137.81,0.3466
5462,4363,78568,35.34,307.57,187.05,0.24367
5462,5227.3,78503,28.089,572.78,362.2,0.22523
5462,5357.6,76700,31.751,446.4,293.54,0.20659
5464,5903.8,78369,32.484,212.69,308.31,-0.18352
5466,5058.6,78243,33.538,559.59,284.57,0.32579
5467,3504.3,76428,28.114,192.81,111.89,0.26556
5468,4291,76692,21.967,397.12,266.42,0.19698
5468,4776.2,78059,35.812,354.48,164.66,0.36565
5470,5799.2,77184,27.322,664.19,279.13,0.4082
5471,6419.6,77849,34.302,274.72,116.67,0.40381
5472,4473.8,77897,36.781,301.78,175,0.26593
5472,5267.3,78090,36.517,175.68,179.77,-0.011508
5473,6015,76395,27.984,253.31,202.84,0.11065
5474,4948.9,77941,19.914,747.5,371.7,0.33578
5474,5964,77585,40.772,543.54,347.17,0.22046
5475,3724.6,77333,31.567,425.87,330.42,0.1262
5477,5299.3,76712,28.415,463.01,218.02,0.35973
5478,5635,76297,23.954,665.57,629.08,0.028184
5479,4474.2,78692,30.813,285.65,157.12,0.29029
5479,6200.5,78450,33.382,221.5,186.59,0.085558
5481,4584.1,78224,29.414,340.28,198.19,0.26388
5483,6149.7,76545,30.169,697.73,227.6,0.50807
5485,4056.9,75935,28.358,577.48,457.95,0.11544
5485,4515.8,78391,32.746,601.34,600.07,0.0010586
5486,4775.2,78255,23.332,748.43,379.25,0.32737
5487,3905.4,76407,26.817,372.35,173.55,0.36418
5489,3992.6,76759,35.435,217.5,103.77,0.35399
5489,5394.6,77238,36.791,456.51,115.64,0.59577
5490,4015.7,77041,31.97,348.84,226.2,0.21326
5491,4490.9,78517,29.201,450.07,427.06,0.026234
5492,4153.9,76909,28.355,334.3,205.4,0.23885
5492,4478.4,78631,29.058,383.24,142.68,0.45741
5493,6337.5,77609,40.284,466.83,335.53,0.16364
5496,6079.2,76289,31.933,493.94,479.65,0.014685
5498,4214.9,76991,24.691,650.8,393.03,0.24695
5500,5474.4,77399,34.026,277.7,123.33,0.38494
5501,4113,77644,38.52,346.79,245.91,0.1702
5502,6056.3,76101,30.882,771.62,413.58,0.30209
5503,3999.7,77879,31.583,331.24,114.73,0.4855
5503,4671.4,76323,20.702,570.48,346.84,0.24379
5503,6146,76057,34.791,432.02,285.46,0.20427
5506,5255.7,77658,19.275,802.19,353.38,0.38839
5507,4214.5,76249,24.825,395.35,246.54,0.23183
5508,3446.9,76743,30.769,570.47,581.69,-0.0097378
5508,4171.9,77962,20.591,818.62,540.15,0.20494
5508,5074.3,75881,33.38,597.15,658.1,-0.048552
5509,4222.2,77930,20.174,1049.4,796.73,0.13685
5510,5721.6,78564,34.414,188.63,129.87,0.18448
5511,3967,77452,28.504,597.43,487.65,0.10117
5511,4697,75810,26.527,487.09,206.9,0.40373
5511,4711.2,76341,30.751,406.95,431.06,-0.028768
5511,5860.9,78503,33.259,312.49,208.44,0.19973
5512,5072.1,76533,23.921,964.17,419.17,0.39398
5513,4246.9,76261,35.925,735.03,699.1,0.025057
5513,4881.3,76430,34.201,764.6,560.85,0.15372
5514,4538.8,76443,35.386,878.57,607.89,0.18209
5514,4842.7,78393,29.615,340.93,253.56,0.14696
5514,5740.4,78301,34.289,475.71,386.02,0.10407
5515,4665.7,76339,37.235,502.2,351.2,0.17695
5516,5885.6,78377,30.12,951.25,1020.2,-0.034954
5517,5768.1,78389,32.179,395.95,378.04,0.02314
5518,5194.6,76639,36.095,226.46,167.18,0.1506
5519,5087,76671,28.515,243.6,208.12,0.078528
5519,5725.7,78565,23.267,1107.6,734.65,0.20243
5520,5799.9,78694,25.562,345.67,392.46,-0.063387
5521,4128.3,77453,35.595,574.18,261.47,0.37421
5522,6120.4,76444,34.056,417.05,194.88,0.36305
5524,5795.6,76817,40.587,213.22,254.81,-0.088848
5524,6373.6,76163,34.71,486.48,269.18,0.28757
5527,6036.9,75945,36.375,359.99,157.42,0.39149
5529,4228.2,78555,34.052,418.18,278.56,0.2004
5531,5567.7,75839,30.328,577.3,537.97,0.035259
5533,5375.5,78633,24.646,519.76,304.48,0.26119
5534,5694.6,78663,31.381,298.43,182.32,0.24152
5535,3538.9,78629,31.184,504.54,336.28,0.20012
5539,3507.5,77517,25.799,655.7,450.6,0.18539
5539,4684.8,77632,29.698,298.46,144.72,0.34689
5541,3529.4,78671,38.487,290.23,274.55,0.027769
5542,4710.3,76536,19.356,635.75,611.34,0.019576
5543,5052.2,76890,21.296,572.67,342.57,0.25141
5543,5196.7,77741,32.152,245.16,179.72,0.15402
5543,5710.1,78302,28.579,589.55,398.75,0.19306
5544,4347.7,76463,25.737,402.27,135.11,0.49715
5544,4932.3,77028,20.763,471.57,304.57,0.21517
5544,5647.2,78327,27.173,317.01,189.9,0.25075
5545,4339.1,76602,32.268,365.8,290,0.11558
5546,4381.2,76870,23.896,425.01,158.75,0.45612
5547,5538.7,77785,28.61,718.37,510.39,0.16926
5548,4847.8,76746,30.702,309.66,271.55,0.065562
5549,4258.1,76120,36.241,358,222.85,0.23267
5551,4012.3,75821,30.771,489.81,219.91,0.38029
5551,4572.9,77344,38.971,178.53,263.25,-0.19178
5552,4706.9,77442,35.72,273.17,201.45,0.15111
5552,5899.8,77483,29.548,589.81,413.08,0.17622
5553,3511.9,76815,24.748,283.24,277.06,0.011019
5554,3508.7,76897,37.319,299.1,240.83,0.10792
5556,3528.2,77452,31.384,405.93,111.73,0.56834
5557,5092.3,78161,31.217,348.77,209.14,0.25027
5559,6145.7,77229,35.549,270.89,253.44,0.033282
5560,5870.4,75845,26.512,500.95,426.25,0.08056
5561,3565.6,77267,28.086,283.29,159.29,0.28015
5564,5993.8,76929,36.325,234.1,101.69,0.39433
5565,5954,77920,32.776,178.77,133.02,0.14673
5566,3750.2,76044,24.028,468.47,190.28,0.42229
5566,3862.4,78520,22.646,543.96,240.79,0.38633
5567,4040,78605,16.689,900.09,226.09,0.59848
5568,4584.2,76837,24.44,480.71,313.82,0.21004
5569,5476.7,77271,38.298,288.08,262.75,0.045986
5569,5652.1,76166,31.642,173.67,121.32,0.17747
5570,4456.5,76926,39.633,543.19,193.03,0.47562
5570,4817.5,78321,32.808,361.68,280.97,0.12558
5572,4685.2,78420,31.285,334.78,357.96,-0.033468
5575,6083.1,78646,34.837,196.74,209.03,-0.030268
5583,6354.3,76485,32.917,331.2,200.67,0.24542
5584,3512.2,78154,18.629,1660.5,887.97,0.30312
5584,5717.7,76696,36.922,906.19,377.2,0.41218
5586,5711.3,76484,28.52,221.4,105.15,0.35598
5588,4179.9,76393,20.605,609.47,325.76,0.30336
5589,4060.9,78420,29.673,619.85,278.61,0.37981
5589,5362.9,77004,17.255,1159.5,626.65,0.29831
5590,3862.7,78378,32.571,325.28,140.22,0.39755
5591,5188.9,77122,31.093,563.21,494.72,0.064746
5592,5136.8,77125,26.26,768.92,316.22,0.41718
5593,5089.2,77116,22.701,366.52,364.88,0.0022308
5595,4128.9,76375,29.526,394.39,109.66,0.56489
5595,4262.5,77542,36.498,229.83,101.63,0.38679
5595,6175.6,76058,31.126,208.36,157.06,0.14038
5596,4193.8,77496,31.884,243.49,152.71,0.22913
5599,4972.5,77049,38.461,495.61,197.14,0.43084
5600,5181.5,77008,20.57,538.32,213.99,0.43111
5600,6046.9,76813,28.385,351.64,161.79,0.36978
5603,4750.1,77061,25.148,785.49,528.49,0.19559
5603,4821.5,77635,35.753,317.3,188.02,0.25585
5604,4030.4,75778,34.387,396.67,250.17,0.22649
5605,3916.9,75949,35.663,327.06,313.81,0.020683
5606,4168.2,76897,32.353,304.73,169.02,0.28647
5606,5212.6,78726,24.951,761.74,655.6,0.074885
5607,4073.1,76201,30.548,606.64,102.79,0.71021
5608,3965.2,76112,32.829,337.18,261.67,0.12609
5608,4316.4,77019,30.647,272.71,170.26,0.23129
5609,5151.1,77865,41.673,653.74,437.64,0.19801
5609,6299.5,77343,35.417,434.49,459.77,-0.028276
5610,3643.1,77776,31.023,445.32,194.42,0.39219
5610,4062.3,76694,35.549,333.46,408.49,-0.10113
5611,6348.3,76406,30.679,229.11,173.74,0.13743
5613,3781.3,76218,27.788,820.28,538.15,0.20769
5613,4683.2,78116,30.052,211.24,116.48,0.28916
5615,4578.7,77397,35.701,500.98,206.82,0.4156
5615,4840,77993,31.565,325.49,185.74,0.27335
5615,5495.6,76471,38.934,158.98,150.06,0.028862
5616,6299.6,76414,22.708,440.35,326.62,0.14829
5617,4690.7,76148,25.024,506.93,261.61,0.31921
5617,5343.2,77620,35.461,355.64,494.13,-0.16297
5617,5665.5,77075,36.462,300.18,264.72,0.062775
5618,4263.5,76529,27.945,668.46,461.21,0.18346
5618,4829.3,75973,35.755,565.29,367.44,0.21213
5618,6327,76684,36.102,296.29,189.89,0.21884
5619,4024.5,78718,24.94,978.25,611.94,0.23036
5619,4376.3,76543,29.002,625.12,292.77,0.36208
5619,4876.5,77986,34.168,450.07,231.33,0.32101
5620,4454.4,76438,37.201,1072.8,469.97,0.39076
5620,4804.4,77995,28.184,433.92,215.24,0.33688
5620,4772.2,76367,22.285,896.48,208.54,0.62256
5621,4700.3,78170,38.102,198.17,310.76,-0.22124
5622,5713,77705,22.022,585.1,335.2,0.27154
5623,4488.1,76776,26.867,422.51,208.27,0.33965
5623,5689,77692,20.194,703.97,556.4,0.11709
5624,4113.7,76577,26.959,438.06,317.58,0.15945
5624,4930.2,76951,28.342,393.29,184.04,0.36244
5626,4376,78614,33.035,198.92,240.49,-0.094593
5626,4607.6,77370,26.01,481.58,328.81,0.18852
5627,5963.6,77007,32.054,197.12,198.2,-0.0027333
5629,4415.7,77617,37.36,243.07,117.4,0.34863
5630,3815.5,77410,36.83,275.82,172.19,0.2313
5631,4604,77860,38.071,541.7,387.03,0.16654
5632,5798.5,77489,25.221,281.87,237.74,0.084918
5634,5044.3,78514,32.133,631.65,338.68,0.30192
5636,3798,77612,29.608,435.46,106.42,0.60723
5637,3509.2,77646,26.053,381.6,155.58,0.42074
5638,4003.2,76854,36.654,275.18,232.41,0.08427
5638,3961.2,77613,24.588,590.7,241.54,0.41955
5638,5708.3,78252,22.165,346.69,217.49,0.22902
5639,4644.3,76360,22.788,407,157.97,0.44078
5639,4885.6,78720,19.651,1249.1,809.29,0.21368
5640,4682.8,78661,23.969,913.98,537.59,0.2593
5642,5113.8,78241,23.293,296,193.26,0.20998
5643,4879.3,75882,34.276,566.37,411.34,0.15856
5643,5159.5,76662,34.566,445.5,471.71,-0.02857
5643,6262.8,76349,28.791,516.59,203.86,0.43407
5644,5133.7,78626,28.126,464.41,347.13,0.14451
5645,5601.2,76436,30.104,355.45,258.08,0.15871
5647,4072.8,75845,28.581,478.05,187.57,0.43641
5649,6101.8,77659,37.217,148.2,178.2,-0.091911
5649,6248.5,76128,28.09,477.86,268.25,0.28094
5651,4372.6,75893,33.064,317.58,422.94,-0.14228
5651,5192.5,77051,29.72,354.24,182.07,0.32104
5652,5987.2,78020,27.427,356.83,271.16,0.13641
5653,5304.6,78706,29.604,243.77,100.77,0.41506
5656,4143.7,77795,26.052,450.96,496.98,-0.048547
5659,4227.3,77820,12.569,851.34,817.79,0.020102
5660,3647.4,76681,28.344,298.37,158.16,0.30713
5660,4819.1,75882,39.63,428.8,325.34,0.13719
5660,5250.1,78387,27.877,290.38,109.35,0.45287
5661,3836.6,78058,41.611,948.21,848.87,0.055283
5661,5241.5,78624,32.201,470.69,205.02,0.39317
5662,6300.3,78136,35.163,281.22,245.28,0.068254
5663,5217.9,78374,31.119,331.58,152.05,0.37123
5664,4578.4,78626,38.563,364.47,249.32,0.1876
5664,5655.7,75759,26.018,610.78,339.02,0.28613
5665,3836.6,77720,38.098,216.2,106.81,0.33865
5665,4736.4,77215,30.112,278.45,237.56,0.079241
5665,5673.2,75762,27.777,282.55,187.49,0.20223
5666,3444.4,77553,38.7,308.77,123.32,0.4292
5667,3784.5,75915,39.16,637.06,382.78,0.24933
5669,4096.1,78237,37.503,583.13,185.58,0.51717
5670,4037.2,78274,25.043,634.9,229.32,0.4693
5670,4178.9,76410,33.707,515.84,340.54,0.2047
5670,6329,76137,35.195,663.42,358.76,0.29805
5671,4062.3,78229,23.827,645.59,417.65,0.21439
5672,3805,78140,26.663,609.97,232.55,0.44796
5673,3675,78687,32.124,531.89,236.27,0.38484
5674,4191.7,76198,20.998,915.49,590.53,0.21577
5675,3760,75991,31.765,762.51,511.04,0.19745
5675,5108.7,78637,18.694,1438.6,942.19,0.2085
5676,4362.9,77292,31.139,214.57,179.15,0.089963
5677,5613.4,75839,28.438,425.31,196.79,0.36734
5677,5866.5,77698,35.225,598.2,265.82,0.38469
5678,4267.5,76389,24.669,766.14,535.47,0.17722
5678,5804.4,76018,29.507,444.76,378.96,0.079883
5680,5420.9,78701,25.222,967.81,495.51,0.32276
5681,5256.8,78589,34.05,529.32,338.65,0.21968
5683,6199.6,77310,25.692,524.84,274.8,0.31268
5684,4792.5,77947,40.541,494.13,167.96,0.49264
5685,3614.5,77352,23.962,495.42,335.8,0.19203
5686,4714.8,76157,24.614,958.68,802.56,0.088646
5687,3511.4,78160,41.38,314.06,385.74,-0.10243
5688,4221.5,76020,32.648,520.79,264.33,0.32665
5688,4153.3,76646,30.358,613.59,397.8,0.21335
5689,4126.8,76120,27.602,649.21,415.83,0.21913
5689,5611.6,77253,26.622,241.19,150.09,0.23284
5691,4745.1,77863,39.811,484.8,273.45,0.27873
5691,5042.2,78413,21.322,783.99,324.4,0.41464
5692,4269.4,75804,37.255,400.77,391.09,0.012231
5692,5177.8,78515,16.631,888.29,358.96,0.4244
5696,3689,77399,30.087,561.98,311.58,0.28664
5696,4601.6,78372,25.897,537.91,602.01,-0.056235
5697,3864.6,77528,35.811,383.46,238.02,0.23401
5698,5121,76872,23.035,414.65,169.73,0.41911
5698,5643.7,78204,13.127,493.31,275.38,0.2835
5699,4891.7,76956,26.808,764.95,549.37,0.16402
5700,3482.9,76535,36.005,236.04,124.96,0.30768
5700,4773.7,76533,35.455,290.6,165.6,0.274
5702,4189,78462,30.543,220.29,203.13,0.040519
5702,4430.6,76141,24.21,353.96,164.06,0.36658
5703,4154.9,77657,28.948,1022.6,539.89,0.30891
5703,4303.8,76215,31.504,272.81,379.43,-0.16346
5704,5281.5,77181,31.99,241.24,412.85,-0.26236
5704,5811.4,78486,24.435,337.31,117.24,0.48414
5705,5307.6,77214,37.512,162.89,256.39,-0.22301
5705,5996.5,77395,31.158,290.85,187.13,0.21699
5706,3958.1,78644,23.89,314.49,193.84,0.23735
5707,3861.4,76103,29.59,416.18,289.18,0.18005
5707,5486.4,77160,29.522,223.65,130.36,0.26352
5708,3548.3,77429,28.4,745.76,372.91,0.3333
5709,3481.4,77182,23.446,469.54,273.23,0.2643
5710,3544.8,77384,30.127,782.31,540.09,0.18317
5710,3619.5,75874,35.461,536.38,373.62,0.17885
5711,4278.2,76582,20.218,969.59,651.14,0.19649
5713,4645.5,76389,23.883,312.81,459.81,-0.19026
5714,3845.3,76207,27.591,439.94,449.44,-0.010678
5714,4647.1,76387,24.015,306.82,390.25,-0.11969
5714,4853.5,75740,26.86,422.35,432.66,-0.012062
5714,4895.3,78126,36.082,202.85,189.86,0.033084
5716,4349.1,78068,28.887,216.38,285.82,-0.13826
5717,4036.9,77063,37.13,171.78,215.17,-0.11212
5720,3786.2,77605,30.592,296.69,119.19,0.42682
5721,3509.7,77592,34.521,256.03,337.81,-0.13771
5722,5098.5,77685,38.751,357.42,321.72,0.052558
5723,3431,75955,33.374,320.5,107.24,0.49857
5724,4845.2,77506,33.812,405.4,457.21,-0.06006
5725,5743.1,78296,38.276,263.05,391.64,-0.19641
5726,5120.2,76250,34.584,195.96,151.83,0.12687
5729,3724.1,77913,35.347,234.05,234.6,-0.0011732
5731,4806.3,75983,24.92,570.03,294.02,0.31945
5731,6033.1,78616,31.961,307.8,182.85,0.25466
5732,4657,76359,19.489,606.58,359.14,0.25623
5732,5043.1,76967,38.012,358.98,278.66,0.12597
5732,5072.1,77798,35.535,283.21,126.8,0.38146
5733,4634.5,75971,30.153,293.78,240.39,0.099953
5733,4669.3,76399,19.559,452.53,406.85,0.053156
5734,3442.1,75962,36.022,360.67,147.07,0.42069
5736,4041.2,76750,29.758,560.82,329.64,0.25961
5736,5548.3,76555,31.42,406.65,179.52,0.38747
5736,5979.4,77714,27.904,189.68,184.65,0.013448
5737,4221.7,77319,31.973,373.08,162.07,0.3943
5737,5886.4,78691,27.765,218.64,117.4,0.30127
5738,4165.7,77004,32.55,394.92,131.73,0.49974
5738,5644.5,78143,33.732,198.81,180.54,0.048155
5740,5544.5,75791,34.829,201.55,181.87,0.051327
5742,3433.6,77605,34.31,491.11,608.95,-0.10713
5742,4562.1,75729,22.921,744.8,242.3,0.50907
5742,5649.4,77835,36.928,205.18,253.49,-0.10534
5743,3886.2,76075,29.858,1100.2,670.12,0.24293
5743,5023.8,76015,29.241,173.73,108.2,0.23244
5743,6263,76177,27.35,223.91,154.08,0.18475
5745,4701.4,76648,26.332,888.91,613.81,0.18307
5747,5732.4,77686,34.223,181.55,104.5,0.26935
5749,4595.5,76334,22.127,826.01,579.08,0.17574
5749,5204.8,78684,22.196,953.33,563.29,0.25717
5750,4837.5,78556,30.618,264.98,189.38,0.16639
5751,4042.9,75939,31.525,935.04,410.3,0.39004
5754,3509.8,78593,33.151,367.23,170.24,0.3665
5754,4587.2,78270,29.856,391.03,231.19,0.25688
5754,5670.8,75858,36.491,403.7,272.04,0.19484
5754,6180.5,78386,26.344,400.14,214.25,0.30256
5756,4403.1,76053,31.826,395.36,332.42,0.086476
5757,4268,76663,29.236,566.57,274.47,0.34732
5758,5436.2,78673,33.698,580.89,301.63,0.31643
5759,4665.3,77969,33.435,477.66,351.22,0.15254
5759,5249.7,78641,27.276,539.31,277.78,0.32007
5759,5741,76516,28.203,457.94,298.41,0.21092
5760,5639,76537,34.202,275.79,116.38,0.4065
5761,4183.9,75990,29.704,699.19,438.05,0.22963
5761,5064.7,78089,27.899,524.62,300.66,0.27137
5762,4118.3,77794,19.016,877.14,493.52,0.27988
5762,5196.9,78630,19.48,787.04,175.26,0.63575
5765,4135.9,78403,32.678,471.51,300.49,0.22153
5765,6212.8,77918,31.78,231.95,141.19,0.24322
5766,4031.5,78525,30.319,406.5,288.78,0.16932
5766,5493.8,78664,29.675,378.98,146.4,0.44269
5767,4285.9,77071,30.344,230,200.67,0.068108
5767,5690,75944,23.557,380.66,161.52,0.40418
5768,3850.8,77712,27.982,223.39,147.32,0.2052
5769,3992.6,77400,25.554,323.17,107.61,0.5004
5769,5149.9,77822,30.614,279,126.49,0.37612
5770,4602.6,76247,23.945,297.86,293.12,0.0080299
5770,6198.5,77485,22.055,285.75,136.89,0.35222
5771,5657.5,77332,36.122,407.83,391.12,0.02092
5771,6209,77497,34.174,373.53,278.26,0.14616
5772,6087.9,77598,25.226,651.85,501.18,0.13068
5773,4934.6,76810,34.612,327.99,313.31,0.022886
5773,6055.5,77328,27.922,391.91,264.69,0.19376
5776,3653.2,76081,34.099,350.88,146.16,0.41189
5780,4255.2,78427,30.988,621.07,639.5,-0.014617
5781,4154.2,77544,36.566,798.03,560.85,0.17454
5781,4605.3,76279,43.345,820.62,604.54,0.15162
5782,4147.1,76503,26.117,593.95,285.79,0.35028
5782,6165.2,77209,34.842,194.1,122.83,0.22489
5783,4277,76292,35.88,718.78,339.52,0.35836
5783,5548.9,77514,34.339,398.08,352.53,0.060675
5783,6126.6,76909,38.836,171.25,116.62,0.18979
5784,4417.4,76339,32.341,487.33,332.4,0.189
5788,5404,76460,34.039,189.6,109.66,0.26714
5788,6352.3,76200,36.011,224.02,159.12,0.1694
5790,4603.7,76374,27.769,339.56,359.46,-0.028458
5791,4751.4,76373,16.121,599.4,409.45,0.18828
5793,5245,76840,30.583,416.43,134.34,0.51217
5795,5014.3,78236,39.001,328.15,229.54,0.17683
5796,4908.7,78248,19.994,384.11,221.38,0.26876
5798,4926.3,78050,34.045,388.05,379.65,0.01094
5802,4974.2,76413,37.497,524.19,295.09,0.27964
5803,4259.5,76839,32.479,279.18,140.16,0.33152
5803,4734.7,76637,33.937,637.81,248.37,0.43946
5803,5630.2,77792,26.85,415.24,149.99,0.46929
5805,4954.4,78452,24.496,414.63,401.93,0.015551
5806,4546.3,78643,33.616,364.08,221.51,0.24346
5807,3990.5,77629,23.026,357.9,152.88,0.40138
5807,4904.3,77889,17.972,557.6,435.01,0.1235
5807,5607.6,78455,32.518,458.6,196.99,0.39905
5808,3862,77696,39.303,437.47,216.51,0.33788
5808,5923.6,78702,24.462,473.36,162.2,0.48959
5809,4954.6,77966,29.121,315.94,320.53,-0.0071974
5810,4002.1,78008,26.134,487.87,296.97,0.24324
5812,5110.4,78668,37.161,705.24,429.35,0.24316
5813,3568.9,76359,26.277,360.31,154.09,0.40089
5813,5114.7,78378,32.198,904.23,243.45,0.57576
5814,5120.9,78419,36.185,405.61,454.42,-0.056749
5816,3942.4,76293,20.845,870.74,470.28,0.29862
5817,3890.8,76447,34.002,236.16,179.05,0.13752
5818,3940.8,75830,20.618,383.77,407.35,-0.0298
5818,5752.3,76354,33.128,348.75,316.5,0.048487
5820,5348.5,78527,26.884,337.41,155.14,0.37005
5821,4772.3,78165,32.43,214.33,146.63,0.18755
5821,5407.9,76455,28.371,287.43,310.95,-0.039312
5822,4486.3,77979,35.767,357.85,182.49,0.32454
5824,4053.9,76251,31.935,380.56,329.42,0.072035
5825,4025.2,76038,28.927,406.49,271.3,0.19947
5827,3753.6,75841,37.665,546.23,623.43,-0.065999
5828,3732.6,75867,34.554,638.19,386.65,0.24544
5828,4753.2,77627,31.578,712.5,599.75,0.08592
5828,4900.3,77019,18.469,1142.4,662.81,0.26567
5829,6312.7,77478,35.127,290.48,142.23,0.34262
5830,4320.4,77898,31.775,347.07,254.2,0.15446
5835,4021.8,76392,31.834,313.53,243.82,0.12507
5839,6354.7,76718,39.548,234.82,161.35,0.18547
5841,5245.6,78675,31.047,604.02,436.96,0.16048
5841,5821.6,75951,36.008,232.67,179.62,0.12868
5844,4425.6,76397,35.756,262.53,208.69,0.11427
5844,5488.5,78353,20.957,329.65,203.61,0.23636
5844,6169.9,76633,36.251,498.04,504.77,-0.0067071
5845,3943.6,76391,35.717,451.55,136.4,0.53601
5845,5602.5,78250,26.793,187.02,189.68,-0.0070563
5845,6391,75862,33.334,312.71,178.45,0.27334
5846,4104.3,78533,35.663,431.17,199.68,0.36694
5848,5175.9,78707,29.519,566.2,394.61,0.17859
5848,5657.7,78288,31.79,181.24,256.5,-0.17192
5849,3429,78486,33.593,444.69,381.98,0.075868
5849,4699,78556,27.729,335.35,221.17,0.20517
5850,3749.1,78295,32.146,448.78,468.67,-0.021681
5851,5680.4,78266,17.374,260.04,119.28,0.37107
5852,3753.2,75981,29.258,380.09,488,-0.12431
5852,3861.3,76350,22.802,296.5,145.18,0.34258
5853,5245.3,77618,31.712,578.19,418.82,0.15985
5854,5552.1,77569,27.38,211.28,110.82,0.31191
5855,3493.1,77760,32.764,331.04,212.6,0.21787
5856,3462.6,77468,46.585,758.78,400.92,0.30858
5856,4803.6,77445,36.797,348.89,295.94,0.082114
5857,5901.4,76835,28.915,343.27,218,0.2232
5857,6337.6,77739,38.754,162.05,230.33,-0.17402
5858,4008.4,77866,32.445,960.15,586.05,0.24195
5858,5370.7,76778,39.982,759.67,503.04,0.20324
5859,3459.3,77073,28.796,332.2,235.42,0.17051
5860,4141.9,77797,30.271,656.89,309.44,0.35956
5860,5570.6,77599,27.61,398.23,214.33,0.30023
5862,4868.5,78486,37.561,375.53,224.1,0.25255
5862,6042.4,77543,36.696,216.27,130.89,0.24594
5863,3688.2,77256,27.009,684.82,723.9,-0.027744
5864,3528.2,76350,30.338,198.82,153.94,0.12722
5868,5967.7,77552,26.874,323.25,177.55,0.29095
5871,5010.1,76974,29.63,291,124.34,0.40126
5874,4315.7,77600,31.452,192.22,116.72,0.24438
5874,4396.1,76033,29.473,505.7,225.72,0.38279
5875,3918.5,77756,21.758,793.4,529.54,0.19945
5875,5121.9,77704,30.39,205.09,146.24,0.1675
5876,4018,77735,31.769,334.51,190.29,0.27481
5877,4787.7,75817,27.718,188.85,170.74,0.050361
5878,4967.8,76807,36.451,234.9,253.71,-0.038484
5883,3712.9,76694,21.037,577,151.39,0.58431
5883,5574.1,78317,29.688,235.48,258.78,-0.047142
5884,4215.3,76834,34.85,300.97,139.5,0.36658
5885,4933.1,76728,30.967,425.86,225.87,0.30687
5886,5064,76692,18.077,842.45,470.25,0.28354
5887,4195.1,78609,31.861,472.85,263.48,0.28435
5887,5115.2,76666,12.286,897.69,513.61,0.27215
5887,5040.1,78538,33.867,467.19,321.99,0.184
5888,5110.5,76745,15.469,730.94,377.25,0.31916
5889,4115.5,76801,24.546,730.41,588.91,0.10725
5889,5169.4,76924,14.391,562.87,205.19,0.46569
5890,4055.7,76657,23.42,407.27,245.97,0.24694
5891,3843.3,77344,40.517,436.3,393.98,0.050972
5891,4114.6,76655,27.09,572.47,256.92,0.38046
5891,5174.9,76977,12.039,721.61,384.87,0.30433
5892,5132.5,76905,13.806,605.04,344.15,0.27485
5893,5100.1,76901,11.038,868.34,537.92,0.23496
5893,5592.3,78661,32.624,464.94,391.1,0.086258
5894,5138.2,77006,13.843,971,580.37,0.2518
5894,5468.5,78606,37.374,402.62,202.86,0.32991
5895,4856,77944,35.26,241.37,190.46,0.1179
5895,5133.9,77001,11.743,626.82,303.01,0.34824
5895,5621.3,77763,32.264,407.56,198.53,0.34489
5896,4298.1,76869,25.998,642.47,357.83,0.28456
5896,5131.9,76958,18.43,591.54,269.37,0.37422
5896,5106.3,78659,27.858,289.9,231.9,0.11115
5896,5451.8,77732,29.585,783.65,510.22,0.21132
5897,4615,76797,27.169,355.07,186.65,0.3109
5897,5127.2,76927,13.474,475.22,248.13,0.31394
5898,5101.4,76827,18.855,300.95,142.06,0.35868
5899,4956.9,78508,37.383,548.16,388.44,0.17053
5899,5147.9,76907,14.485,524.16,370.3,0.17201
5899,5668.8,78202,24.832,570.85,358.81,0.22808
5900,5173,76887,14.024,517,287.34,0.28552
5900,5592.8,78236,29.443,357.38,392.15,-0.046379
5901,5221.5,76992,16.044,580.65,280.82,0.34804
5902,4475.1,76831,26.26,189.84,352.74,-0.30024
5902,5314.8,77033,13.574,352.87,281.49,0.11252
5903,4023.9,76973,35.276,357.79,257.04,0.16387
5903,5462.2,77034,14.836,687.06,381.52,0.28593
5904,4350.3,77958,37.125,339.92,299.9,0.062543
5904,4930.4,78343,26.879,392.54,245.38,0.2307
5904,5480.1,77102,21.774,302.77,364.23,-0.092134
5905,4402.8,76784,17.926,829.87,743.35,0.054999
5906,4324.1,76826,25.788,453.25,400.44,0.061864
5906,4900.7,78096,31.573,300.69,260.63,0.07137
5907,4126.8,76791,28.616,695.63,587.83,0.083991
5908,4960.9,78196,28.293,1180.5,474.69,0.42643
5909,3973.6,77575,32.368,547.95,417.24,0.13542
5909,4837.3,78256,21.783,622.21,418.87,0.19532
5910,5920.2,76842,35.609,268.29,216.34,0.1072
5911,4543.8,78457,24.577,960.55,709.72,0.15018
5912,4612.9,78167,19.191,833.31,414.48,0.33565
5913,3790,76779,18.502,393.06,114.17,0.54984
5913,4168.6,75810,30.822,429.6,190.34,0.38595
5914,4690.1,78088,29.862,581.32,500.69,0.074522
5915,4042.7,75840,29.358,465.76,297.06,0.22115
5915,4674,78141,37.618,262.62,174.93,0.20041
5916,4715.2,78213,24.85,607.91,319.54,0.31092
5917,4081.7,76721,31.807,336.26,380.7,-0.061988
5919,4664.5,78001,28.713,303.4,197.03,0.21257
5921,4476.4,77986,22.088,353.59,131.76,0.45704
5922,4438.7,77981,34.507,238.36,262.63,-0.048441
5923,4456.3,75906,31.334,582.44,272.71,0.36219
5924,4366.5,77722,19.906,283.11,125.46,0.38584
5925,4550.4,76165,31.206,627.71,369.29,0.2592
5926,3819.2,76640,34.03,410.9,309.29,0.14109
5926,3869.2,75860,26.782,390.42,230.66,0.25723
5926,4436.8,77579,29.115,260.44,191.9,0.1515
5927,4166.9,76693,18.386,1565,1025.6,0.20821
5927,4601.4,76456,41.223,832.87,524.74,0.22697
5928,4087.9,76646,26.469,998.89,714.22,0.16617
5928,5617.7,78214,32.267,228.79,109.82,0.35135
5929,3986.4,76293,19.309,557.75,163.2,0.54725
5929,3933,77025,33.091,868.16,499.91,0.26917
5930,4504.2,77368,26.976,536.7,440.59,0.098335
5931,4417.6,77418,31.199,309.19,214.04,0.18185
5931,6261.5,76266,20.521,424.01,255.3,0.24835
5932,4440.9,77420,30.63,725.51,599.45,0.095145
5932,6325.9,76124,28.374,623.05,361.88,0.26516
5933,4478.1,77408,19.839,708.95,502.69,0.17023
5933,5287.8,76570,32.5,427.62,130.65,0.53195
5934,4631.8,77487,32.096,257.56,242.33,0.030451
5934,6143.6,77098,37.545,355.01,131.59,0.45914
5936,4563.7,77292,27.541,532.82,221.89,0.41198
5937,4867.5,77127,29.901,646.53,362.12,0.28197
5937,6207.2,76419,32.244,230.2,153.71,0.19922
5938,4107.8,76763,27,372.02,173.28,0.36446
5938,4778.6,77242,30.983,443.74,147.67,0.50063
5939,4598.8,76395,23.551,232.51,240.18,-0.016241
5940,3587.9,77517,27.599,574.66,237.88,0.41447
5940,3854.8,76787,21.656,761.51,255.82,0.49708
5940,4625.6,76355,34.202,268.09,332.72,-0.10758
5941,3560,77718,27.765,608.04,405.65,0.19966
5941,3826.9,76656,24.144,238.76,135.82,0.27483
5941,4649.6,76437,25.467,164.44,169.48,-0.015096
5941,5694.9,78214,30.841,238.89,104.89,0.38981
5942,4072.4,78354,38.02,400.98,207.67,0.31761
5942,5700.7,78172,25.422,332.25,176.62,0.30584
5943,3817.5,77514,32.72,375.03,229.28,0.24118
5944,5336.2,78688,22.082,653.04,365.75,0.28199
5946,4780.8,75939,30.414,550.01,311.77,0.27645
5946,5771.7,78524,37.992,227.17,181.71,0.11119
5946,6314,77465,34.688,451.3,297.68,0.20512
5947,5755.2,78466,36.119,513.98,332.93,0.21377
5948,3630,77620,26.915,315.2,235.87,0.14395
5949,3752.5,77522,30.898,266.7,184.59,0.18195
5950,3927.3,77649,36.332,289.84,186.66,0.21652
5950,5700.1,78182,19.878,474.44,433.14,0.045508
5951,5287.6,76983,24.714,518.33,303.95,0.26073
5951,5678.7,78236,18.068,337.94,283.67,0.087315
5955,3952.8,76407,33.672,485.45,457.26,0.029899
5956,3792.7,77653,31.596,325.55,236.84,0.15773
5956,4106.2,76579,34.577,330.99,238.06,0.16331
5957,4027.6,77855,34.081,301.31,200.26,0.20147
5958,4704,76009,28.779,222.87,135.89,0.24245
5959,3944.6,78185,36.306,367.27,330.16,0.053209
5960,3887.8,77940,33.199,459.52,213.29,0.36597
5960,5884.4,76633,28.446,204.88,153.19,0.14437
5962,3452.3,77563,21.613,736.56,308.69,0.40935
5963,3790.2,77441,31.2,513.35,307.88,0.25019
5965,3798.2,75998,32.66,306.88,409.76,-0.14355
5966,3612,76011,24.117,655.33,644.94,0.0079894
5967,3454.6,76021,25.678,676.2,670.57,0.0041787
5968,3776,76057,30.209,374.28,396.57,-0.028928
5969,6191.6,76340,34.468,340.82,149.81,0.38932
5970,5134.3,77096,28.013,288.46,146.76,0.32556
5973,5846.4,77451,31.215,951.27,545.37,0.2712
5974,3579.6,76125,28.743,329.9,230.57,0.17722
5974,4764,76373,26.192,298.71,108.69,0.46642
5974,5445.2,77008,34.873,276.73,159.85,0.26772
5975,3925.2,77480,26.056,185.94,103.17,0.28629
5979,4942.5,77037,33.189,567.15,340.24,0.25007
5980,5036.5,77122,26.344,529.92,100.15,0.6821
5981,4271,75933,28.206,521.48,211.98,0.42198
5982,6236.3,78035,29.99,318.05,216.74,0.18944
5984,3815.2,77579,36.233,510.02,370.19,0.15886
5985,3722,77662,32.651,860.31,1045.9,-0.097368
5987,4162.8,75954,27.931,466.98,215.16,0.36917
5988,3601.6,76023,30.213,381.62,147.19,0.44332
5988,5701.6,76389,38.245,360.17,252.35,0.17603
5994,4687.1,76387,33.319,297.36,173.59,0.26281
5996,4520.1,78322,35.293,507.56,453.86,0.055858
5998,3539.2,76782,36.332,310.97,152.79,0.34107
5998,3862.5,78407,29.959,271.03,196.65,0.15906
5998,4941.6,78204,30.231,584.96,388.52,0.20179
5999,4696.9,76254,20.302,760.56,299.46,0.43499
6000,4730.5,76358,21.397,356.89,137.8,0.44289
6001,3695,75978,27.497,583.32,440.76,0.13921
6001,3749.5,77404,32.324,170.25,131.78,0.12738
6002,3571.4,77279,26.949,544.62,442.83,0.10309
6002,4008.6,75977,23.211,368.39,273.55,0.14774
6002,4528.3,78520,22.403,546.16,319.53,0.26179
6003,4177.3,76005,24.519,530.11,383,0.16111
6005,3634.2,77297,21.286,507.34,235.15,0.3666
6005,4418.4,77947,31.566,238.44,207.83,0.068586
6005,4606.9,76208,36.661,548.78,354.87,0.21459
6006,3733.3,77344,33.647,828.13,690.89,0.090345
6006,4048.8,78551,24.56,345.41,202.19,0.26154
6007,3747.4,77350,22.107,975.25,670.68,0.18504
6007,6084.3,77760,35.769,251.84,236.62,0.031157
6008,3565,78111,40.057,711.75,336.11,0.35848
6008,4278.5,77063,26.885,529.9,208.75,0.43477
6008,4775.9,78136,35.722,353.35,103.94,0.54541
6009,3564.4,78026,25.629,819.58,815.16,0.0027066
6009,4883.9,78299,30.97,619.26,453.45,0.15457
6009,5860.4,77653,26.357,543.67,344.29,0.22454
6009,6242.3,76627,36.229,622.26,172.11,0.56668
6011,3474.2,77713,19.079,907.6,635.85,0.17607
6012,4809.9,77960,33.484,164.82,107.21,0.21175
6012,5474.5,77556,27.198,649.82,386.9,0.25361
6013,3432.8,76043,33.997,737.55,482.59,0.20896
6014,5108.2,78530,31.109,286.01,112.42,0.43568
6016,3480.5,76672,32.723,552.97,317.1,0.2711
6016,4768.2,76596,36.299,419.2,223.68,0.30413
6017,4050.4,76201,31.636,542.4,184.67,0.49201
6017,4949.9,76592,31.811,424.24,256.96,0.24557
6019,5584.6,75873,35.472,165.81,131.17,0.11662
6020,4341.5,76516,32.279,438.06,191.67,0.39127
6020,5244.4,78482,24.249,790.09,525.03,0.20155
6020,5342.8,77856,32.988,299.32,230.43,0.13004
6021,4608.7,76367,20.306,858.08,486.26,0.27658
6021,5202,78564,18.755,1029.3,1019.7,0.004698
6022,5123.8,78662,15.651,1808.2,1006.6,0.28477
6025,4750.3,78670,32.914,602.68,408.72,0.19178
6025,5147.8,76500,27.113,352.17,239.58,0.19028
6026,5234.1,76291,36.693,434.9,197.99,0.37433
6028,5625.2,78110,37.116,184.19,194.84,-0.028105
6029,4433.5,76681,24.488,370.06,318.46,0.074949
6029,4614.4,77691,31.043,281.81,172.65,0.24019
6029,5219,76633,34.113,492.08,383.97,0.12341
6029,5259.9,78717,22.115,400.38,252.18,0.22712
6030,5158.4,76475,35.464,226.14,183.88,0.10307
6031,4861.8,75776,31.364,181.57,270.74,-0.19714
6032,5363.2,76925,30.081,420.11,317.29,0.13944
6032,5813.9,78702,33.374,339.69,474.13,-0.16521
6032,6242.6,76396,34.422,216.74,111.83,0.31927
6033,3953,76260,30.341,371.63,388.49,-0.022173
6033,5273.9,76935,31.562,411.38,135.9,0.50335
6034,4377.5,76172,32.832,467.73,259.8,0.28581
6036,4064.2,76531,21.06,725.56,718.49,0.0048932
6037,5312.1,76979,40.882,183.89,202.41,-0.047962
6038,6329.5,76340,28.407,242.48,113.21,0.36345
6040,4218.4,76459,29.676,269.06,161.75,0.24908
6040,5005.2,78543,33.352,182.99,155.71,0.08053
6045,4276.9,78206,31.355,194.66,101.69,0.31372
6046,6286,77392,33.131,413.22,341.79,0.094601
6049,6052.4,77481,34.293,604.65,187.6,0.5264
6053,3974,77438,31.6,723.52,498.33,0.1843
6053,6077.7,77702,24.963,389.59,262.43,0.19503
6054,3904.3,77310,27.761,806.14,401.83,0.3347
6054,4546.6,77831,37.829,366.51,194.6,0.30637
6054,4626.1,76292,21.1,324.33,182.1,0.28085
6055,3983.9,77501,23.687,644.69,336.78,0.31372
6055,4541.1,76306,36.91,155.97,137.02,0.064695
6055,6119.2,77253,29.756,192.86,103.63,0.30093
6056,3954.5,78563,29.472,226.92,245.94,-0.040223
6056,4766,77976,38.513,376.07,268.78,0.16638
6056,4976.9,76990,32.993,462.97,362.8,0.1213
6057,4788.2,78089,28.868,423.86,311.27,0.15315
6058,5303,77200,33.566,287.27,125.6,0.39159
6060,5003.5,78375,26.972,499.37,233.3,0.36315
6062,4991.9,78208,35.243,334.89,104.01,0.52603
6063,4643.2,77869,33.651,928.44,425.25,0.37172
6063,5323.1,78461,35.759,232.83,138.03,0.25562
6064,4391.8,77617,30.675,798.36,440.22,0.28915
6064,4415.8,77874,36.226,710.38,431.36,0.24438
6065,3488.1,75783,32.713,992.76,376.16,0.45043
6065,4660,77507,37.592,303.04,200.12,0.20455
6065,5047.6,76568,32.065,255.51,213.41,0.089789
6065,5534,78480,32.877,246.78,101.96,0.41527
6066,5739.9,78657,28.542,296.71,280.9,0.027376
6067,4364.7,77797,25.64,388.68,223.14,0.27058
6068,4292.4,77838,28.214,1006.4,766.72,0.13517
6069,3992.9,77957,33.989,1184.3,1257.8,-0.030125
6070,5026.4,76953,25.262,274.4,137.18,0.33339
6071,3552.9,78168,33.313,457.87,508.37,-0.05226
6071,4130.4,77747,34.173,323.68,396.41,-0.101
6072,4013.6,77609,34.847,1216.2,1419,-0.076962
6073,3816.8,77658,26.756,555.03,449.31,0.10527
6075,4333.5,76871,33.312,743.77,446.88,0.24936
6075,5654.7,78417,24.322,424.43,192.53,0.37586
6076,3691.8,77323,29.813,684.66,470.28,0.18562
6076,4340.9,76708,28.363,609.97,130.46,0.64762
6076,4232.9,77891,29.772,482.96,428.86,0.059332
6081,4065.5,76856,38.719,376.04,223.43,0.25458
6086,4241.9,78091,36.105,189.93,107.27,0.27813
6087,6220.7,75731,33.372,317.98,373.53,-0.080336
6088,5544.6,77789,26.562,678.48,530.43,0.12247
6091,5089.4,75957,29.464,477.01,113.32,0.61608
6092,6038.6,78709,25.27,952.71,559.68,0.25987
6094,5951.7,78511,28.456,1017.1,496.31,0.34412
6095,4591.6,76291,24.822,855.25,491.1,0.27048
6096,6177.7,78585,36.49,828.52,507.04,0.2407
6098,3902.5,78480,30.121,300.79,106.41,0.47735
6098,5743.6,76614,30.047,805.68,394.95,0.3421
6100,5535.7,77116,30.645,335.37,217.96,0.21218
6104,5167.2,76566,34.595,344.5,177.31,0.3204
6105,5713.4,76903,37.269,220.04,246.04,-0.05579
6109,5461.9,78105,36.137,460.43,395.34,0.07606
6109,5535.6,78137,38.644,475.28,386.78,0.10267
6110,5930.8,76264,24.343,422.13,494.04,-0.078485
6111,5944.4,76485,29.76,453.21,458.57,-0.0058811
6112,6016.3,77911,32.663,535.97,604.69,-0.060246
6114,5602.6,76633,30.684,241.49,126.16,0.31371
6116,4867.5,77993,34.79,896.73,459.56,0.32232
6118,3660.5,76388,35.468,346.87,254.67,0.15327
6119,5404.5,76598,33.417,286.87,266.53,0.036755
6124,5228.8,78569,35.998,272.09,158.6,0.26351
6124,5687.2,78456,27.557,321.12,132.65,0.41535
6125,3776.8,77548,36.828,302.55,310.84,-0.013507
6126,5559.9,78321,21.997,733.24,211.68,0.55196
6127,5670.5,78210,23.443,587.57,448.83,0.13386
6128,5551,78166,27.485,833.36,468.12,0.28063
6130,4881,78148,30.645,622.6,225.65,0.46796
6133,5171.9,78154,35.049,247.35,235.18,0.025228
6135,5394.2,78540,19.73,346.1,204.63,0.25689
6136,5379.7,78516,36.189,837.97,496.62,0.25577
6138,4469.9,75903,27.021,476.58,359.34,0.14025
6140,3432.4,77098,33.697,352.87,139.38,0.43368
6142,4943.4,77863,30.436,280.74,170.06,0.24553
6143,4819.2,77954,26.817,779.78,364.88,0.36246
6144,4160.5,77644,27.479,554.77,343.6,0.23506
6144,4786,77991,40.741,1298.1,690.15,0.30578
6145,4063.6,77454,36.917,737.84,437.63,0.2554
6146,3686.7,77353,29.983,556.08,517.24,0.036187
6148,5567.7,78562,33.649,336.26,307.67,0.044399
6149,5134.4,77657,32.088,683.73,446.69,0.2097
6149,5382.8,78654,29.478,339.78,292.15,0.075375
6150,3890.7,77686,35.297,752.49,390.16,0.31709
6150,5486.9,78658,30.746,848.62,338.02,0.43029
6157,4884.1,78013,40.268,261.31,232.45,0.058453
6158,3802.2,78505,30.067,215.12,212.89,0.0052015
6159,3956.3,78265,37.023,402.03,254.63,0.22446
6159,3947.2,78363,35.091,464.23,344.16,0.14852
6160,4031.2,77655,37.486,556.27,281.8,0.32749
6161,3895.9,77552,35.279,799.47,525.64,0.20665
6163,5403.7,78650,25.569,488.14,264.52,0.29711
6165,4262,76975,29.327,538.8,390.44,0.15966
6165,5576,77704,36.091,586.08,162.8,0.56521
6169,3965.9,76311,23.804,263.93,177.64,0.19541
6172,4159.7,76234,30.514,312.95,140.56,0.38014
6173,5559.9,78423,35.598,239.77,153.95,0.21796
6175,4407.6,75756,27.381,461.66,192.74,0.41095
6177,5180,76635,36.173,198.91,219.39,-0.048958
6182,4133.6,78620,35.276,470.98,326.23,0.18157
6186,5160.5,78514,35.948,314.55,216.98,0.18357
6187,5407.8,77656,33.193,196.82,107.14,0.29502
6187,6201.7,75820,28.388,538.12,297.25,0.28834
6190,4420.8,77890,31.467,570.81,319.86,0.28175
6191,4459.5,77793,27.671,1244.4,857.23,0.18422
6194,3990.8,75999,35.462,582.39,275.3,0.35804
6195,5791.2,78308,29.982,267.11,224.46,0.086762
6198,6085.8,76981,29.488,578.79,315.76,0.29404
6199,5048,77999,34.826,312.28,186.19,0.25297
6200,3517.1,77330,32.184,209.16,137.05,0.2083
6200,5262.4,77614,31.585,319.03,152.7,0.35261
6203,4695.8,76074,28.912,309.12,221.77,0.16455
6204,5199.2,78652,33.005,289.55,138.57,0.35268
6205,3589.6,78175,28.259,240.8,230.71,0.021396
6205,6314.4,78537,37.372,159.98,132.89,0.092511
6206,4826.3,78180,46.423,281.75,285.95,-0.0074127
6209,4142.2,76271,37.537,324.77,136.26,0.40888
6211,5155.6,78358,30.83,302.03,239.39,0.1157
6214,4630.7,78057,37.238,604.81,421.84,0.17821
6215,4443.7,78089,31.25,652.36,479.74,0.15248
6215,5675.2,78245,21.688,278.88,225.55,0.10573
6216,4735,76228,20.33,537.65,461.58,0.076127
6216,5554.2,78438,29.945,420.34,275.42,0.20829
6217,4732.9,76286,23.593,452.19,196.71,0.39371
6217,6102.4,78675,34.136,286.29,198,0.18231
6219,3518.6,78205,31.035,265.18,110.25,0.41269
6222,3961.1,76792,31.822,638.48,174.72,0.57028
6222,5554.8,77786,37.204,275.89,215.63,0.1226
6222,6146.5,76113,30.915,396.28,225.34,0.27498
6223,4059.2,76754,35.015,540.37,423.56,0.12118
6225,3794.6,77428,37.409,632.88,299.72,0.35724
6226,4489.8,76495,31.533,1073.4,724.53,0.19406
6228,4267.1,76270,34.703,298.64,124.71,0.41086
6230,4489.2,76399,25.076,176.94,104.57,0.2571
6231,4318.3,76171,33.03,267.42,234.85,0.064847
6235,3761.7,76623,32.729,173.79,149.91,0.07376
6236,4874.7,77599,33.717,192.5,135,0.17558
6237,6315,77366,32.671,398.27,295.41,0.14828
6239,4105.1,77662,15.997,1048.9,278.26,0.58067
6240,4238.8,77771,32.016,551.95,143.52,0.58727
6242,4555.1,75763,33.52,243.13,109.67,0.3783
6244,4124.2,77412,35.088,555.98,285.24,0.32185
6245,4818.1,75755,30.985,496.52,172.39,0.48458
6246,4208.8,75965,34.725,616.01,495.94,0.10798
6247,4559.4,76243,29.651,603.27,250.85,0.41262
6249,4569.9,76221,25.864,429.42,271.75,0.22486
6249,4948.2,78232,35.636,670.74,372.3,0.28612
6251,4565.6,75728,29.296,681.33,652.98,0.021241
6252,5469.3,76389,26.318,827.41,489.88,0.25623
6253,4643.4,77666,35.807,300.07,526.44,-0.27388
6254,4826.3,77714,29.611,486.12,386.46,0.11421
6254,6397.1,77354,28.074,344.62,412.9,-0.09014
6255,3662.6,78420,32.179,277.64,145.05,0.31367
6255,5772.4,77528,31.788,388.22,356.75,0.042243
6256,4504,76906,30.763,681.31,527.28,0.12745
6256,5677.1,78655,30.469,164.54,156.74,0.024284
6257,4569.4,76781,31.381,648.18,417.41,0.21657
6257,5781.6,77362,36.39,210.11,157.58,0.14287
6258,5212.2,77648,36.442,260.12,165.38,0.22268
6259,4702.5,76740,29.329,764.28,583.89,0.1338
6259,5979.4,76242,34.848,456.23,370.73,0.10339
6261,3486.3,75920,27.921,129.18,111.34,0.074157
6261,4857.4,77819,36.455,360.01,339.39,0.02948
6262,4665.1,77843,38.357,700.57,744.89,-0.030662
6264,5394.2,76697,29.849,613.19,284.9,0.36554
6265,6193.5,78569,23.266,645.55,249.2,0.44297
6266,4792,76444,28.33,416.43,282.7,0.19129
6269,4253.8,77958,38.568,293.98,182.21,0.2347
6272,4539.8,76691,29.007,844.9,283.71,0.49724
6273,4494.8,76689,29.329,747.91,606.56,0.10436
6275,5470.5,76365,35.65,693.11,342.97,0.33794
6275,6076.4,78685,36.796,518.96,1010.9,-0.32155
6277,5470.4,76625,33.498,369.93,181.56,0.34157
6278,5654.9,77319,30.694,194.61,170.45,0.066173
6281,4548.5,78001,32.848,285.54,249.28,0.067804
6282,5345.8,78526,26.696,207.71,158.51,0.13436
6283,5391.6,78592,36.601,257.98,165.35,0.21882
6285,3654.9,77481,32.282,150.34,102.39,0.18973
6286,4437.9,75790,33.942,702.25,463.79,0.20451
6288,4693.9,76145,27.003,926.74,661.08,0.16731
6291,4892.7,76453,29.75,684.99,574.89,0.087389
6293,5628.1,76275,36.988,310.23,146.86,0.35742
6294,3949,78586,32.13,254.19,145.63,0.27152
6294,5585.6,78192,33.387,452.84,338.56,0.14441
6295,3540.7,77137,36.032,235.65,171.66,0.15709
6295,5515.6,75819,31.463,385.67,262.66,0.18973
6297,3660.5,75911,30.265,344.8,330.56,0.02108
6297,5944.2,78687,24.636,274.22,138.17,0.32991
6298,5886,78565,31.353,414.97,285.49,0.18486
6305,3726,77339,30.962,496.16,438.55,0.061631
6306,5602.2,78575,28.546,840.83,615.81,0.15448
6307,6082.7,76268,36.549,434.29,149.44,0.48799
6308,5095.8,78161,21.277,716.66,412.41,0.26947
6309,5161.8,78549,29.931,662.22,522.5,0.11794
6310,3616.5,77337,26.384,587.77,426.03,0.15954
6317,4701.6,76967,30.027,623.3,292.68,0.36094
6325,5096.6,76461,28.49,909.53,530.92,0.26284
6327,5223.8,76488,29.846,1027.9,700.38,0.18949
6327,5983.2,77318,35.783,611.41,347.62,0.27506
6328,5088,76458,30.113,410.48,430.13,-0.02337
6328,5623.7,76384,34.539,303.64,180.78,0.25363
6331,5058.8,76455,30.667,233.94,333.42,-0.17534
6332,3516,76021,33.825,262.98,267.56,-0.0086349
6332,5131.7,76436,34.706,234.85,255.65,-0.042412
6333,3440.1,77177,46.266,603.74,433.69,0.16391
6341,5221,78600,30.339,646.93,225.46,0.48313
6342,4355.6,76288,37.837,432.87,225.26,0.31545
6346,5559.5,76950,37.827,418.42,226.51,0.29758
6347,5127,78091,32.057,255.58,130.53,0.32388
6347,5632.7,76798,43.988,486.92,308.71,0.22398
6349,4197.8,75780,37.774,632.5,413.31,0.20958
6349,4278,75864,33.106,556.95,374.19,0.19628
6350,4357,77279,32.299,239.98,187.66,0.12235
6353,4667.9,76244,30.599,445.1,517.92,-0.075615
6354,4031.1,77586,27.799,193.47,220.28,-0.064792
6354,4553.1,76379,37.515,554.26,670.21,-0.094694
6356,3546.5,78519,37.724,894.12,777.21,0.069951
6356,3903.6,77518,25.861,640.33,297.71,0.36526
6357,4135.7,77610,33.57,463.85,284.72,0.23929
6357,6153.2,78526,31.544,676.97,398.26,0.25921
6358,5218.1,78612,30.995,708.38,756.65,-0.032945
6359,3978,76090,35.773,275.26,121.8,0.38649
6360,5482.1,76643,36.187,188.53,121.39,0.21663
6363,6304.4,76161,26.037,477.08,332.32,0.17885
6364,4777.1,76025,20.957,1131.5,744.65,0.2062
6365,6004.1,78533,27.42,468.18,343.25,0.15397
6366,3642.5,77569,37.309,396.53,250.17,0.22631
6366,5315.3,78389,31.036,190.87,228.87,-0.090527
6366,6144.7,77883,32.796,247.65,266.73,-0.037088
6367,5361.3,78575,27.765,412.03,172.66,0.4094
6370,3825.5,76593,33.294,234.99,100.08,0.40264
6381,4060.5,78373,28.96,412.39,282.58,0.18678
6381,4479.8,75857,29.361,880.43,772.1,0.065554
6381,5598.6,78126,30.399,347.83,318.88,0.043423
6382,5509.1,78339,33.839,380.46,459.52,-0.094122
6383,3605.3,75931,29.986,353.97,368.21,-0.019716
6383,4032,78525,32.164,961,467.77,0.34521
6387,3483.7,78311,18.721,1012.5,845.48,0.089876
6388,4256.9,77288,32.074,283.53,123.32,0.39378
6390,3480.5,78347,26.838,661.39,546.28,0.095316
6391,3470.6,78345,23.428,807.1,577.84,0.16554
6393,5345.4,78650,32.794,542.83,371.55,0.18732
6393,5752.3,76229,31.78,399.25,264.57,0.20289
6394,6144.8,77481,34.499,643.97,376.62,0.26196
6395,4462.9,76730,33.513,193.69,285.8,-0.19211
6395,5379.6,78565,21.25,711.25,275.96,0.44092
6398,3488.8,76102,37.451,342.29,210.4,0.23863
6398,3637.3,76408,36.099,763.45,670.8,0.064599
6399,3997.4,78287,33.598,374.01,189.97,0.32632
6399,4789.6,76401,35.638,603.8,307.94,0.3245
6405,5151,78372,33.228,419.67,235.61,0.28089
6409,6085,77412,28.106,313.85,173.82,0.28715
6410,5318.9,77397,34.266,517.43,322.58,0.23196
6411,5178.6,78704,35.284,758.94,334.17,0.38859
6412,3627.4,78046,39.773,304.17,308.02,-0.0062819
6412,5094.8,78463,30.29,355.36,230.46,0.21321
6414,4399.1,77559,33.832,380.93,477.98,-0.113
6414,5398.8,78386,21.172,1130.2,630.48,0.28382
6415,4062.5,77511,37.198,912.06,858.39,0.030316
6416,4438,77243,39.473,564.31,291.48,0.3188
6418,6154.2,75728,33.016,217.87,191.36,0.064776
6419,6023,78675,36.516,262.63,155.6,0.25592
6422,3421.4,78286,29.61,873.6,606.61,0.18038
6422,5263.4,77394,38.275,433.96,209.39,0.34906
6422,6126.4,77120,31.974,378.98,464.12,-0.10098
6423,3433,77945,34.233,512.48,256,0.33374
6424,4363.7,77820,29.976,166.07,161.97,0.012509
6429,5032.2,77424,36.077,134.49,140.34,-0.021291
6432,4389.2,78339,31.46,662.64,259.98,0.43643
6432,4896.9,77695,29.75,601.36,305.87,0.32571
6433,4233.3,78336,35.982,265.62,135.93,0.32298
6433,6001.6,78686,30.073,213.96,118.27,0.28803
6435,3439.6,77063,31.484,534.62,329.37,0.23756
6439,4079,77724,35.782,390.74,444.19,-0.064023
6441,3567.9,77184,31.145,1162.4,649.99,0.28274
6442,4857.7,76370,27.123,486.9,196.74,0.42444
6443,3627.5,77188,32.948,488.65,377.04,0.12893
6445,5624.3,77715,32.561,426.13,395.53,0.037245
6447,4146,77537,26.879,550.36,604.53,-0.04691
6451,5840.8,78720,34.891,298.52,178.59,0.25136
6452,3543.9,76566,35.145,270.02,165.29,0.24057
6453,5565.4,77709,26.226,380.09,483.85,-0.1201
6454,4141,76743,33.593,672.8,209.57,0.52499
6455,4425.3,75746,31.468,408.74,278.06,0.19028
6459,6272.3,75906,35.256,383.04,258.95,0.19329
6461,5200.1,76405,36.326,159.94,125.46,0.12081
6461,5878.4,78309,32.443,232.21,161.63,0.1792
6463,6309.7,78090,35.168,303.35,519.33,-0.26253
6471,5711.1,78195,27.678,193.05,258.2,-0.14437
6474,5772.7,76329,34.972,449.21,279.28,0.23327
6475,5042.6,76915,33.076,378.71,261.67,0.18276
6477,3589.7,77148,30.899,319.24,167.6,0.31148
6477,4479.8,75885,31.988,163.57,127.54,0.12377
6477,4870.2,77055,31.867,477.95,175.85,0.46207
6478,3567.8,77467,27.758,1253.4,760.83,0.24453
6479,4572.5,77665,22.282,806.41,396.54,0.34072
6480,4664.5,75778,31.076,299.72,144.84,0.34839
6482,3984.4,77485,18.097,781.09,469.6,0.24905
6482,5740.9,76503,29.831,528.71,241.51,0.37289
6484,4120,77726,19.073,1046.9,285.68,0.57122
6485,5206.2,78638,30.542,312.72,275.95,0.062459
6487,3421.3,78679,29.289,369.33,482.46,-0.13281
6488,5769.4,76752,37.271,487.33,225.68,0.36698
6489,5629.5,78698,36.715,258.64,153.69,0.25451
6492,4042.9,77538,38.904,447.28,489.46,-0.045024
6492,5702.6,76543,20.626,1277.2,998.19,0.12261
6493,4213.9,77785,24.239,758.47,423.27,0.28365
6494,4586.1,77955,37.732,445.21,397.24,0.056947
6495,4177.5,77692,32.905,308.89,196.31,0.22284
6498,6052.2,77932,40.867,658.58,629.39,0.022662
6502,3854.3,77750,34.077,137.6,112.81,0.098975
6502,5719.5,75791,32.153,406.02,214.51,0.30861
6505,5080.9,76783,34.396,146.18,136.28,0.035048
6506,5498.8,77478,27.911,273.19,194.76,0.1676
6507,6178.2,76272,30.207,195.6,118.48,0.24553
6511,4937.5,78523,33.112,372.09,349.68,0.031049
6511,5667.5,76887,34.894,264.85,151.18,0.27322
6512,5658.5,76020,34.013,419.94,334.42,0.11336
6513,4448.2,75789,29.145,496.13,342.93,0.18259
6518,4229.6,76664,35.335,234.65,135.43,0.26811
6518,4645,77726,32.953,423.58,193.8,0.37218
6518,6050.2,76087,35.221,322.06,365.99,-0.063845
6520,4097.2,77621,35.492,277.92,102.1,0.46268
6525,6041.8,78370,32.716,527.17,296.08,0.2807
6526,5627.7,76609,37.155,197.25,394.63,-0.33348
6526,6137.1,77415,37.192,402.14,297.76,0.14913
6527,4031.8,76970,23.563,814.53,284.29,0.48256
6527,5549,78328,34.427,420.4,338.48,0.10795
6527,6056.5,77403,34.218,388.14,134.49,0.48534
6528,4015.3,77065,19.168,692.45,165.28,0.61461
6529,4228.6,76688,30.818,872.92,485.51,0.28519
6532,5641.1,76642,36.669,233.25,158.24,0.1916
6534,4674.2,76329,25.127,572.28,259.21,0.37652
6535,4655.2,76540,30.119,345.62,316.4,0.044141
6536,3863.6,75934,33.181,283.44,202.78,0.16588
6536,4511.2,76626,27.883,477.64,313.26,0.20783
6536,5519.5,76380,27.557,538.57,458.28,0.080546
6537,5403.1,76430,30.517,603.21,472.68,0.12132
6537,6019.5,77904,36.646,540.28,371.74,0.18479
6538,4680.1,76690,35.552,702.08,538.41,0.13194
6539,4141.5,78175,33.059,432.8,396.01,0.044391
6540,5626.3,78325,26.91,826.01,516.17,0.23085
6542,3709.7,78264,33.248,193.11,139.93,0.15968
6543,4150,75763,34.619,623.33,535.64,0.075661
6543,5809.1,77527,29.942,379.75,147.42,0.44071
6544,5667.7,77747,30.733,267.23,177.33,0.20223
6545,5006.2,78071,41.9,316.74,327.86,-0.01726
6552,4785.5,78162,24.68,863.63,581.22,0.19546
6554,4339.4,76666,32.792,677.42,551.84,0.10216
6554,5001.8,78140,28.413,784.93,678.31,0.072863
6554,5953.2,77179,29.487,265.07,191.31,0.16163
6555,5198.4,75953,40.589,356.9,143.5,0.42645
6557,4675,76254,35.844,1139.1,798.06,0.17606
6558,4733.7,76348,23.407,988.12,648.51,0.20751
6558,5248.1,78469,26.429,337.83,283.14,0.088084
6561,6000.9,78656,23.958,205.32,141.05,0.18556
6562,3845.8,78555,35.982,726.62,477.84,0.20655
6562,5978.6,78713,29.516,422.62,413.93,0.010384
6563,5543.9,78561,33.942,654.2,513.86,0.12015
6564,4824.7,77981,31.518,221.95,180.7,0.10244
6565,5497.4,78554,30.048,646.19,532.03,0.096892
6569,3735.6,78536,20.674,753.42,420.1,0.28403
6569,4968.1,76365,34.107,249.37,164.4,0.20535
6571,4860.1,76387,18.737,744.14,363.4,0.34377
6574,4775.1,76419,16.894,398.3,236.34,0.2552
6575,4608.1,76457,28.136,868.55,645.36,0.14743
6575,5322,76870,34.184,349.3,229.72,0.20652
6577,4408.7,77034,33.972,384.62,252.42,0.20752
6577,6283.5,77341,26.045,732.57,457.42,0.23122
6578,5726.7,76498,35.282,344.63,117.32,0.49208
6579,6133,77357,18.404,1299.9,544.78,0.40936
6580,5634.6,78241,33.687,174.78,218.19,-0.11048
6580,6096.8,77417,30.959,463.9,273.93,0.25747
6581,3921.5,75886,35.604,699.72,221.73,0.51873
6581,5256.9,78710,24.18,550.83,175.23,0.51732
6581,6279.4,77615,31.707,478.71,316.93,0.20333
6583,3679,76095,29.632,308.4,175.52,0.27459
6583,5520.4,76495,30.795,598.95,447.43,0.1448
6583,6263.6,77315,35.193,348.89,197.58,0.27689
6586,5683.5,78672,29.598,771.64,420.56,0.29448
6586,5934.3,76046,41.614,326.55,291.02,0.057528
6587,3640.3,77968,38.247,180.6,241.41,-0.1441
6589,4968.1,78678,33.345,661.34,151.87,0.6265
6590,3687.6,75919,23.962,1343.2,598.68,0.3834
6590,4700.8,76418,30.603,130.01,174.1,-0.14499
6590,6095.7,75987,35.855,149.62,101.34,0.19239
6594,5470.8,78659,15.758,1061.3,553.6,0.31437
6596,6257.3,76398,39.672,190.4,244.94,-0.12526
6597,3705.2,77286,20.383,492.16,281.12,0.27291
6602,5008.3,78516,29.93,439.73,354.31,0.10757
6604,6149.7,76047,32.961,291.79,189.76,0.21187
6608,3956.4,78413,32.129,501.44,168.72,0.49648
6609,3997.3,78595,29.31,571.65,178.95,0.52319
6610,4040.6,78618,34.952,231.85,161.98,0.17741
6610,5309.7,76096,23.777,352.36,170.27,0.34842
6612,5043.8,78332,36.897,298.12,373.14,-0.11176
6612,5560.1,76163,22.87,717.24,572.29,0.1124
6613,5478.6,76049,24.89,1253.2,984.9,0.11989
6619,6371.2,77108,36.084,273.63,178.61,0.2101
6622,3443.9,77756,34.758,536.11,547.68,-0.010675
6623,5262.3,77037,31.29,225.26,405.99,-0.2863
6624,3446.3,78686,32.796,236.07,112.81,0.35332
6625,3587.3,76168,35.663,350.74,260.07,0.14843
6628,5682.2,75783,36.509,258.26,201.77,0.1228
6629,5215.9,78587,38.346,284.11,220.43,0.12623
6630,4257.4,78080,31.066,727.25,627.77,0.073419
6631,4101.1,78097,23.786,1032.9,742.54,0.16356
6631,5529,78724,30.391,505.21,414.93,0.098111
6632,4210.2,77947,33.582,978.49,1051.2,-0.035825
6632,4113.4,78358,29.687,976.04,966.04,0.0051491
6632,5630.8,78702,35.483,318.84,196.63,0.23709
6633,4220.5,78251,32.548,296.8,352.82,-0.086224
6634,5115.9,78392,30.019,263.01,264.98,-0.0037311
6635,3983.3,78090,26.567,671.26,679.56,-0.0061434
6635,4375.8,78663,23.105,891.98,787.9,0.061952
6635,5296.8,78300,30.484,284.31,308.48,-0.04078
6636,4126.2,78129,28.676,457.93,464.02,-0.0065988
6636,4372,78658,22.302,480.57,353.17,0.1528
6637,4156.6,78097,29.49,323.97,225.13,0.18001
6637,4431.8,78724,31.797,356.74,425.07,-0.087399
6639,4349.3,77447,33.133,444.16,329.53,0.14816
6640,4042.4,77566,27.235,509.17,420.45,0.095436
6640,6344.6,76302,28.515,798.56,388.2,0.34578
6641,5362.7,76233,23.679,389.93,305.42,0.12154
6642,4007.2,77467,17.703,1006.4,674.22,0.19764
6643,4069.8,77459,34.909,183.1,103.16,0.27925
6644,6217.6,77190,27.008,630.68,293.28,0.36518
6647,5252.2,78603,21.545,627.89,323.59,0.31981
6648,5283.7,78302,35.592,717.5,172.43,0.61249
6649,5475.3,78181,29.235,494.12,446.44,0.050693
6650,5341.1,78451,22.84,626.03,852.57,-0.15321
6650,6369.2,76217,34.614,263.83,126.29,0.35257
6653,5483.7,75936,25.64,719.32,221.12,0.52975
6654,4575.1,77051,32.219,249.78,148.39,0.25463
6654,5468.9,76073,29.117,386.64,304.11,0.11949
6655,3559.4,77112,26.582,671.13,361.58,0.29975
6655,3834.4,78655,26.023,884.52,609.44,0.18413
6656,5121.2,76697,30.502,489.86,411.39,0.087062
6656,4980.2,78260,41.296,452.13,436.37,0.017745
6657,4970.9,78166,32.111,253.06,109.09,0.39753
6660,4903.2,76609,32.283,346,276.86,0.111
6661,4891.6,77889,34.036,887.17,641.73,0.16053
6662,6230.7,78215,31.526,224.65,165.16,0.15263
6663,5333.7,76335,40.161,445.34,215.85,0.34708
6664,4881.7,76660,29.219,438.11,195.96,0.38191
6666,3484.4,77896,22.379,221.77,138.11,0.23247
6667,5094.6,76832,37.824,229.69,358.94,-0.21959
6670,5067.9,76709,33.848,250.99,119.47,0.355
6671,3950.7,77139,31.569,422.78,309.84,0.15416
6672,3849,77558,25.503,784.64,633.83,0.10632
6672,5287.5,76004,34.136,641.27,530.9,0.094162
6673,5454.2,78606,32.864,318.4,130.75,0.41778
6674,3784.6,77150,34.807,580.19,242.32,0.41078
6674,3776.8,76453,34.362,288.82,153.24,0.30669
6674,3989,77621,38.909,491.59,154.75,0.52115
6675,3822.6,76005,33.446,804.37,675.04,0.087425
6678,4054.2,77435,31.298,339.11,392.36,-0.072791
6678,5243.2,75895,33.236,523.17,561.51,-0.035351
6679,4811.6,76222,36.725,792.83,603.97,0.13521
6679,5293.1,75876,33.324,326.73,209.71,0.21813
6679,6394.3,78461,27.345,408.19,140.21,0.48865
6680,3602.5,77223,32.31,571.13,219.61,0.44455
6680,5306.2,76053,25.429,947.2,1116.2,-0.081891
6680,5756.7,77407,32.392,343.26,168.1,0.34253
6681,5271.5,75924,21.605,1252.8,712.47,0.27494
6682,3507.8,76962,35.437,312.98,439.51,-0.16815
6682,4222,77055,31.875,551.19,203.87,0.45999
6682,5380.6,76116,34.008,1186,895.85,0.13936
6683,5474.9,76028,25.909,774.12,415.99,0.30093
6685,3478.7,77313,35.661,494.72,271.63,0.29111
6685,3445.6,78354,25.819,620.18,415.2,0.19798
6688,3953.1,77870,33.295,400.14,210.84,0.30983
6688,4699.9,76282,35.613,205.91,121.85,0.25646
6690,3908.9,77450,26.991,681.82,541.05,0.11512
6692,3875,76416,37.48,145.11,109.79,0.13856
6694,5259.7,75978,27.358,392.76,325.88,0.093059
6695,3547.9,77648,31.753,667.45,446.13,0.19874
6695,3648.5,77659,34.902,548.34,351.25,0.21909
6695,4373.2,78470,36.766,391.84,202.67,0.31818
6695,4891.8,77906,33.179,270.2,209.75,0.12596
6695,5231,75933,18.849,385.21,378.69,0.0085408
6695,6125.3,77420,29.945,636.98,463.63,0.1575
6696,6174.9,77532,34.045,856.69,608.12,0.16969
6700,6265.6,76139,21.817,287.8,190.66,0.20302
6701,3464.7,77699,44.117,486.08,385.41,0.11551
6702,4363.6,77950,23.862,820.11,705.8,0.07491
6702,5497.2,78630,34.363,544.81,212.69,0.43844
6703,4689.3,78239,29.959,743.01,372.26,0.33243
6705,5592.4,78291,34.682,288.3,207.31,0.16343
6709,5139,78423,35.352,249.33,125.97,0.32869
6709,5386,76576,31.892,499.91,331.03,0.20324
6710,5393.5,78577,27.781,517.74,246.54,0.35485
6711,4804.5,76531,31.884,178.62,135.13,0.1386
6714,3910.6,77476,30.202,753.15,235.44,0.52369
6714,5454.2,77360,28.859,629.6,377.7,0.25008
6715,3428.5,76493,37.974,387.06,264.65,0.18782
6715,4109,77488,32.958,434.23,179.37,0.41536
6715,6005.2,77224,31.48,369.33,349.44,0.027676
6716,3929.4,77440,34.126,452.49,235.87,0.31469
6717,3881.7,76200,26.233,672.94,323.2,0.3511
6718,4124.4,78417,28.061,312.2,262.75,0.086009
6718,4739.2,78086,34.75,400.42,390.94,0.011981
6719,4554.5,78120,30.211,994.92,377.77,0.44959
6720,4572.6,77944,33.095,566.12,341.22,0.24786
6720,6415.9,75739,29.836,606.27,332.13,0.29213
6721,3796.6,78415,28.58,367.59,136.52,0.45837
6721,4565.3,78004,38.039,524.12,313.24,0.25184
6721,6311.5,78449,38.884,204.76,136.34,0.2006
6724,3509.1,75863,32.728,516.54,318.36,0.23737
6725,3885.4,77676,32.082,521.61,273.73,0.31167
6726,5364.1,78533,30.508,306.76,240.12,0.12185
6727,5151.7,76792,33.477,268.2,150,0.28264
6728,4495.8,76888,35.916,1486.3,720.15,0.34722
6729,6063.6,76545,36.71,251.56,206.33,0.098782
6731,4765.3,76971,26.395,864.84,615.59,0.16836
6731,5128.8,78551,28.032,385.36,222.46,0.268
6731,5323.4,76252,31.009,133.6,169.13,-0.11736
6731,6007.2,77937,31.343,520.74,385.85,0.14878
6733,5414,75968,32.635,1387.3,853.42,0.23826
6733,6254.4,76401,29.169,373.56,108.99,0.54828
6734,5136.9,78650,32.83,507.91,567.78,-0.05566
6735,5323.9,75832,36.92,750.1,425.34,0.27629
6736,3971.3,77512,33.488,265.79,180.57,0.19093
6736,6148.8,76278,23.095,652.09,494.12,0.13782
6737,6169.3,76405,33.9,640.87,322.12,0.33099
6738,4406.1,76105,34.175,632.3,247.33,0.43766
6738,5037.5,76503,32.706,553.24,354.53,0.2189
6738,6143.8,76395,33.193,756.77,471.35,0.23241
6743,6138.9,77659,23.701,767.38,612.73,0.11206
6744,5246.4,76539,27.092,817.27,590.2,0.16133
6744,6009.1,77529,18.574,828.87,423.39,0.3238
6745,4002.5,75819,36.863,341.2,116.88,0.48968
6745,6060.5,77473,19.932,766.54,458.89,0.25106
6746,6134.3,77317,33.861,929.95,693.69,0.14551
6747,4549.7,78081,37.815,901.83,399.69,0.38581
6747,4762.8,76346,23.724,924.03,523.33,0.27685
6747,4969.1,77307,28.452,318.51,212.78,0.19901
6747,5755.7,76902,28.994,251.65,117.53,0.36329
6747,6134,77524,25.378,596.19,453.44,0.136
6748,4762.1,76258,24.853,663.33,403.22,0.24388
6753,5644.2,75733,37.964,384.28,367.21,0.022715
6755,4283.7,76608,34.461,290.54,528.69,-0.29069
6756,3491,77315,33.803,596.25,489.48,0.098343
6758,5831.7,75789,21.467,473.84,296.98,0.22945
6759,5842.9,75742,20.563,667.86,427.18,0.21978
6764,5276.8,76941,33.858,250.32,225.58,0.051984
6767,4906.1,78564,30.68,543.55,253.32,0.36421
6767,5662.4,76892,35.286,295,227.15,0.12994
6768,5305.6,76242,19.676,332.28,230.55,0.18073
6769,4159.6,76592,32.033,359.95,216.63,0.24857
6770,3946,75891,37.465,364.5,235.26,0.21548
6771,4666.3,77692,24.361,774.78,700.02,0.050694
6771,6077.1,77583,35.308,630.06,503.86,0.1113
6774,5347.1,75908,36.241,259.28,124.22,0.35217
6776,4856.1,76041,33.956,923.06,797.7,0.072852
6777,3608.7,77401,22.777,516.8,289.62,0.28171
6778,4517.4,76235,37,222.41,263.72,-0.084966
6779,3466.8,77292,35.184,395.89,235.77,0.25349
6780,4975.8,78170,35.507,475.45,216.67,0.3739
6783,4718.4,76093,32.486,345.92,316.59,0.044275
6784,4118.8,78032,33.606,373.8,128.05,0.48969
6785,3868.3,78077,35.723,326.02,245,0.14189
6785,3824.3,78188,32.792,741.12,649.56,0.065838
6785,4877.3,76623,30.449,386.81,153.14,0.43276
6787,4927.7,75833,31.405,373.85,240.01,0.21802
6793,5149.6,76559,28.239,462.31,106.07,0.62676
6793,5276.5,77573,24.084,633.16,437.93,0.18227
6799,5411.9,76092,23.229,234.26,145.54,0.23359
6802,4697,78142,37.964,445.03,305.01,0.18668
6803,4582.1,77949,32.786,751.78,664.54,0.0616
6803,5371.8,76044,30.801,348.38,284.23,0.1014
6804,4567.6,76635,29.715,807.98,595.65,0.15127
6804,4712.1,78041,31.13,561.48,276.54,0.34001
6805,5670,75971,39.696,256.49,107.17,0.41061
6807,5482.4,76210,31.109,321.33,305.75,0.024844
6808,5441.8,78628,29.698,400.63,171.82,0.39971
6809,4289.7,77821,32.655,243.6,180.19,0.14964
6809,4928.3,77874,32.191,743.01,446.22,0.24957
6810,3565.5,75903,29.751,892.57,558.91,0.22988
6810,5015.1,77811,37.35,406.55,226.13,0.28516
6811,5027.9,76737,24.881,362.56,298.16,0.097465
6812,5279.4,75776,21.057,754.07,408.93,0.29676
6813,4789.2,75886,30.634,1047.8,876.01,0.08929
6814,4842.4,77960,27.273,789.15,612.13,0.12633
6817,5451.2,76151,24.149,316.67,261.08,0.096217
6818,4302.5,77697,39.586,628.29,424.68,0.19337
6818,5423.4,76198,32.48,412.28,239.06,0.26594
6819,4486.3,77907,30.488,595.15,434.74,0.15575
6819,5479.2,76216,35.702,355.75,225.35,0.2244
6824,5398.9,75990,28.869,546.63,210.64,0.4437
6826,3857.6,77823,29.634,364.23,157.48,0.39628
6827,4887.2,78662,23.334,898.77,571.85,0.2223
6827,5559.9,78483,37.513,389.55,214.08,0.29068
6828,5620.1,77416,35.158,145.6,130.83,0.053424
6829,4300,78329,27.92,236.03,109.51,0.36613
6832,4294.4,76679,27.971,1019.4,600.41,0.25868
6832,4738.6,77661,32.663,443.65,176.93,0.4298
6833,4202.5,76788,30.566,370.47,150.13,0.42324
6833,5495,77799,40.675,559.01,509.43,0.046407
6834,3996.6,75761,28.032,301.51,264.33,0.065718
6834,3912.6,78351,28.515,584.79,471.39,0.10737
6834,5067.5,77677,28.691,218.99,106.66,0.34495
6834,5356.9,76703,39.696,374.2,258.78,0.18235
6835,3767.8,78509,36.792,287.94,319.22,-0.05151
6840,4579.4,78367,33.476,404.08,200.25,0.33727
6841,4716.6,76308,22.703,659.19,457.05,0.18109
6841,5486.9,75893,29.907,375.01,274.98,0.1539
6844,5929.5,77476,25.561,198.13,187.76,0.02687
6845,4633.4,78636,35.594,279.12,110.99,0.43096
6845,4927.7,76483,38.505,363.06,224.96,0.23485
6846,3451.5,78314,26.45,305.45,222.13,0.15794
6847,3614.6,75882,33.433,307.89,122.55,0.43057
6847,4656.2,78694,33.891,147.81,247.5,-0.2522
6847,5054.3,77055,35.178,301.46,315.4,-0.02261
6848,5667.9,77608,34.663,245.08,113.01,0.36882
6849,5686.5,75736,32.749,696.72,301.02,0.39659
6852,4991.5,76449,23.438,613.8,194.48,0.51878
6853,4790,76527,23.429,726.4,319.67,0.38882
6854,3913.4,76105,31.976,439.31,210.66,0.35177
6857,6158.7,76582,39.612,342.35,211.43,0.23641
6860,5028.5,78566,31.385,399.68,255.64,0.21981
6861,5000.1,78553,27.655,673.51,378.77,0.2801
6862,6087.8,77642,28.63,336.51,181.56,0.2991
6864,3490.5,78341,31.884,267,308.51,-0.072127
6864,3671.8,75895,27.021,614.77,331.16,0.29982
6864,5685.5,77367,33.004,662.61,354.53,0.30289
6865,5319,76152,34.24,221.62,132.31,0.25234
6866,5141.4,76572,41.086,182.64,732.03,-0.60065
6869,5193.1,76586,22.277,291.2,207.85,0.16701
6870,5096.9,76627,28.868,144.97,204.77,-0.17098
6871,5071.8,76798,34.082,210.43,315.26,-0.19941
6871,5521.9,78154,37.804,262.1,203.5,0.12587
6872,5051.8,76594,38.379,274.63,263.87,0.019984
6872,5575.9,78098,25.497,322.07,117.9,0.46405
6873,5012.9,76587,32.292,161.28,228.82,-0.17314
6874,4819.3,76559,26.102,547.09,469.15,0.0767
6875,5296.2,78649,30.04,269.05,221,0.098048
6876,4921.8,76552,27.201,190.83,369.05,-0.31832
6877,4909.4,76515,30.204,173.03,191.87,-0.051632
6878,4865.9,76562,31.17,153.73,248.77,-0.23612
6879,5657,78569,32.063,213.19,129.16,0.24545
6880,4945,76606,28.752,797.61,722.17,0.049639
6883,5097.2,76660,24.596,209.65,166.68,0.1142
6883,5579.4,78700,31.915,497.81,146.61,0.54499
6884,3711.9,77174,26.472,603.81,424.03,0.17491
6884,5107.6,76485,22.103,287.76,259.22,0.052173
6885,4275.2,76376,33.93,386.59,196.08,0.32697
6885,5164.2,76596,34.482,463.08,524.75,-0.062434
6886,4589.7,77750,33.438,537,112.74,0.65296
6886,4812.3,76089,27.735,408.71,212.15,0.31659
6887,4998,76511,25.386,177.6,180.99,-0.009473
6887,5376.9,78679,24.792,893.35,553.16,0.23518
6888,5019.7,76395,35.448,352.31,455.39,-0.12761
6889,5273.1,78124,33.787,492.58,395.09,0.10984
6890,5390,78196,34.144,607.98,538.25,0.060828
6892,5205.2,76256,24.541,233.04,160.49,0.18434
6893,4216.1,76447,32.598,199.89,108.62,0.29582
6893,5186.6,76306,26.206,571.98,380.36,0.20121
6894,5631,78140,20.835,788.84,505.37,0.21903
6895,5366.4,76544,31.1,874.68,470.13,0.30082
6895,5458.4,78219,24.81,948.54,584.16,0.23773
6896,5239.7,78365,27.863,419.04,190.85,0.37415
6897,5429.2,78261,32.68,340.65,154.29,0.37653
6898,4850.3,76386,21.555,780.77,529.02,0.19221
6899,4553.1,78160,41.839,424.64,538.3,-0.11803
6899,4787.8,76348,30.768,265.95,215.66,0.10442
6901,3626.5,77352,24.452,768.03,309.76,0.4252
6901,4825.1,78281,38.361,603.98,305.56,0.3281
6902,3747.2,77289,33.479,309.82,174.47,0.27947
6902,5366.1,75821,26.266,327.51,222.28,0.19141
6905,3927,77330,34.849,362.05,253.28,0.17677
6906,4201.2,77405,28.988,206.52,175.23,0.081964
6908,4560.9,76978,36.423,501.32,214.98,0.39975
6910,4766.5,77033,32.231,643.46,389.49,0.24587
6911,3825.3,76075,29.636,596.84,899.63,-0.20234
6911,4941.4,76485,30.478,401.33,697.98,-0.26985
6912,4895.6,76368,34.297,245.94,330.7,-0.14699
6912,5693.6,75728,20.287,929.06,511.49,0.28987
6913,4879.8,76275,25.09,422.85,422.47,0.00044944
6914,5001.2,76262,28.693,177.03,208.13,-0.08074
6918,3725,77366,24.975,299.57,163.38,0.29416
6918,4346.8,76284,44.173,439.09,337.56,0.13073
6920,3480.8,77400,34.264,314.98,238.4,0.13839
6920,5107.9,76372,39.153,478.4,432.54,0.050346
6921,4164.1,77333,30.312,361.72,120.11,0.50145
6921,5955.8,77304,31.037,487.32,173.36,0.4752
6922,3440.9,75907,32.562,570.28,391.5,0.18589
6922,4324.2,77758,36.637,378.1,201.57,0.30454
6922,4588.2,76628,27.256,269.2,132.48,0.34038
6922,5012.4,76194,33.179,473.43,729.01,-0.21255
6923,4118.7,78428,38.489,265.62,218.58,0.097149
6923,4529.4,76676,27.231,1025.6,522.59,0.32491
6923,5396.3,75920,32.354,322.1,100.54,0.52424
6924,4486,76665,24.529,645.88,432.01,0.19842
6925,4257.2,77861,30.005,744.22,267.85,0.47069
6925,5566.3,77629,25.749,749.52,423.85,0.27755
6925,5554.4,78094,26.436,763.47,539.73,0.17168
6926,5358.8,77652,36.777,451.93,361.02,0.11182
6927,4616.7,78114,21.114,490.32,175.02,0.4739
6927,4850.5,77046,26.44,755.84,437.44,0.26683
6927,5600.6,77774,38.198,330.87,227.94,0.18419
6928,4736.3,76870,28.78,364.32,337.78,0.037807
6928,5398.7,75813,34.269,293.1,172.01,0.26036
6929,5417.8,75827,34.727,472.4,264.07,0.28287
6930,5396.9,75852,29.884,334.09,174.03,0.315
6932,3658.7,75837,31.54,541.34,775.49,-0.17781
6932,4715,78160,35.033,503.97,279.17,0.28705
6932,5494.1,78551,32.269,420.04,173.01,0.41654
6933,3670.3,75850,34.237,183.8,134.03,0.15661
6935,4908.4,77010,35.474,428.8,314.26,0.15415
6938,5355.2,75941,37.442,441.15,164.62,0.45651
6938,5362.1,77691,37.082,130.99,179.77,-0.15696
6939,4378.9,77906,32.143,315.41,153.68,0.34479
6940,6250,76706,34.494,269.7,236.05,0.066543
6941,6206.4,76599,31.295,885.75,601.02,0.19151
6943,5434.7,75816,26.123,512.21,538.12,-0.024665
6943,5548.8,75809,26.05,368.08,375.52,-0.010005
6944,5369.2,75946,27.638,257.02,290.73,-0.061553
6947,4952.1,78666,42.247,461.55,368.2,0.1125
6947,5721.5,77757,33.578,360.09,254.11,0.17254
6948,3887.9,76104,34.151,713.67,488.66,0.18715
6951,5717.2,78667,28.745,395.86,151.13,0.44741
6953,6188.6,77423,30.017,509.86,264.38,0.31706
6954,3582.9,77844,37.884,462.96,182.35,0.43486
6956,3498.6,77497,25.613,1062.3,591.18,0.28495
6958,3567.2,77681,29.53,517.42,263.36,0.3254
6958,5048.1,77703,30.582,431.51,244.04,0.27751
6962,4158.8,78632,34.522,628.03,355.46,0.27715
6962,4478.7,75980,34.02,218.73,276.6,-0.11683
6963,4052.6,77434,31.535,311.24,208.1,0.19861
6963,4754.8,78114,38.002,526.88,300.86,0.27305
6965,5502.5,78705,23.07,711.96,580.35,0.10184
6967,5339.6,76673,25.911,346.36,283.35,0.10006
6967,5840,77925,21.829,484.2,428.05,0.06155
6969,5709.1,77848,35.19,415.14,219.69,0.30788
6970,4756.6,76341,26.088,489.59,469.08,0.021394
6971,4611.3,76597,36.24,434.39,182.37,0.40862
6971,4625.8,76494,33.564,520.8,243.06,0.36361
6972,4358.8,78397,35.554,428.1,270.31,0.22592
6972,4654,76438,33.105,292.32,115.85,0.43233
6972,6158.4,77571,30.467,303.69,214.04,0.17315
6973,5627.4,78407,22.574,393.9,135.05,0.48937
6974,5990.2,76388,27.377,427,249.05,0.26323
6975,4618.3,78136,23.995,774.04,486.66,0.22795
6976,4592.6,76431,30.272,414.09,213.97,0.31863
6976,5643.9,76875,31.181,224.65,118.59,0.309
6978,4878,78340,34.211,170.69,281.08,-0.24435
6979,3986,76245,32.124,170.12,183.36,-0.037458
6979,5064.7,76708,32.782,860.2,514.19,0.25175
6979,5084.1,78232,28.769,193.23,114.18,0.25716
6980,6267.8,78716,24.949,412.08,280.99,0.18914
6981,5442.4,76712,25.581,539.41,307.95,0.27315
6982,3790.3,77102,35.89,625.57,355.05,0.27586
6982,4512.6,77527,20.978,398.07,144,0.46869
6983,5228.5,76101,31.72,461.11,321.1,0.17899
6983,5231.6,76244,28.433,389.55,195.45,0.33181
6983,5733.6,77797,35.674,252.26,240.77,0.023309
6984,5289.5,76398,28.099,451.88,187.53,0.41343
6984,5341.4,78726,28.637,601.74,249.55,0.41372
6984,5859,76745,33.799,193.09,155.88,0.10663
6984,5833.7,77735,35.717,526.21,308.67,0.26057
6985,5394.4,76396,34.878,476.77,292.94,0.23884
6986,5086.7,78676,37.433,365,319.01,0.06723
6987,5475.5,78474,38.957,475.14,431.96,0.047602
6988,5085.9,77610,29.218,505.3,449.76,0.05816
6988,5251.5,75989,30.812,213.6,222.6,-0.020635
6989,4727.7,76567,35.101,241.63,124.07,0.32147
6990,4510,76375,37.213,245.93,204.75,0.091375
6991,6296.3,76341,34.254,244.6,107.7,0.3886
6992,4758.5,76373,24.15,1095,636.45,0.26482
6993,5092.6,76776,31.801,409.62,213.82,0.31406
6993,5846.4,75877,36.768,344.96,261.54,0.13755
6994,5824.4,75791,35.565,554.22,436.74,0.11854
6995,3753.7,75876,32.688,167.84,106.98,0.22144
6999,4015,75818,34.62,228.27,221.84,0.014273
6999,4901.6,78450,32.873,1248.1,526.92,0.40628
7000,4016.4,75973,22.585,885.94,649.99,0.15362
7000,4125.4,77480,35.376,315.26,206.62,0.20817
7003,4806.5,76329,23.857,554.82,440.64,0.11471
7004,4813.8,77152,30.551,598.46,406.61,0.19088
7005,3805.1,77141,32.898,305.52,191.44,0.22954
7005,5149.8,76746,29.946,635.33,481.67,0.13757
7005,5586.5,78639,25.665,299.37,225.79,0.14013
7006,4404.2,77199,34.943,430.4,452.44,-0.024962
7006,5168.5,76885,28.375,677.86,462.31,0.18905
7007,5394.1,76796,30.521,345.65,212.46,0.23865
7007,5629.2,78704,23.037,875.7,432.79,0.33849
7008,5356.9,78489,27.594,196.8,115.19,0.2616
7010,5237.1,76139,33.459,448.31,437.41,0.012307
7012,5431.9,78671,28.895,247.43,222.56,0.052903
7013,5339.6,78641,39.568,303.48,232.57,0.13227
7014,4756,76902,33.648,460.77,225.36,0.34309
7014,5418.8,78605,26.567,746.01,661.77,0.05984
7015,4359.5,77985,36.064,222.71,159.36,0.16581
7016,3926.8,77430,30.071,336.97,208.79,0.23486
7016,5282.1,78531,24.017,527.51,309.27,0.2608
7022,4320.4,77860,31.481,190.88,770.43,-0.60287
7024,4254.5,77148,25.29,229.59,140.73,0.23995
7024,5465.8,76057,38.339,198.81,201.25,-0.0061145
7025,4162.2,77394,30.34,717.96,297.31,0.41432
7025,5740.9,77190,29.83,178.17,180.46,-0.0063823
7026,5636.7,75731,22.189,385.13,212.24,0.28942
7027,4631.4,78455,29.931,1441,1104.2,0.13234
7029,3637.8,76989,37.788,459.78,293.85,0.22018
7032,4621.7,76658,34.244,360.93,301.44,0.089818
7032,5279.8,76064,24.205,597.38,620.18,-0.018719
7033,4891.8,77931,30.169,202.09,100.86,0.33413
7033,5286.4,76002,28.706,366.15,358.19,0.010982
7033,5487.1,78602,27.765,556.42,443.33,0.11312
7034,5308.5,76033,31.374,353.98,716.92,-0.33891
7034,5354.4,78715,27.442,241.9,149.9,0.23481
7034,5963.3,77370,30.019,578.21,473.14,0.099941
7035,4446.7,78059,30.826,318.54,221.08,0.1806
7035,5187.7,76105,39.819,387.57,502.81,-0.12943
7035,5992.9,77272,34.023,332.4,258.49,0.12509
7036,5174,76071,20.853,499.61,577.59,-0.072389
7039,4410.3,77383,33.376,391.05,290.13,0.14816
7039,5316.2,75755,29.771,608.7,739.56,-0.097058
7039,5566.1,77719,32.751,220.67,226.38,-0.012764
7039,5808.1,78625,33.503,477.87,161.71,0.49432
7040,5424.6,75961,31.759,696.2,736.24,-0.027952
7040,5527.1,77621,23.355,632.54,399.48,0.22584
7041,5304.1,75843,32.883,177.19,178.76,-0.0044089
7043,4218.5,76208,42.514,860.21,715.44,0.091877
7044,3800.5,77658,24.642,351.96,160.51,0.37359
7046,5984.8,76805,34.661,338.43,190.82,0.2789
7047,3544.9,78051,36.197,328.22,304.69,0.037186
7047,4238.4,76656,33.724,280.96,100.97,0.47127
7047,4976,78207,27.819,277.36,179.1,0.21527
7047,5074.5,76879,27.799,347.84,117.91,0.49369
7048,5477.4,78612,39.225,284.98,311.92,-0.045118
7048,5970.1,77537,35.525,333.34,162.07,0.34572
7049,5166.8,76755,38.094,371.15,383.3,-0.016107
7049,5441.2,78667,39.017,642.25,551.38,0.076122
7049,6138.4,77727,30.303,769.49,739.09,0.020148
7050,3424.3,78269,28.669,434.39,331.84,0.13383
7050,5250.7,78576,29.189,930.91,424.02,0.37411
7051,5186.9,78537,17.655,1542,980.71,0.22249
7051,6320.5,77404,32.944,310.14,230.54,0.14723
7052,5127.1,78628,33.158,279.11,228.68,0.099309
7053,6186,77394,33.835,424.93,259.99,0.24081
7054,5048.5,76597,30.128,568.28,105.82,0.68604
7055,4980.2,77047,25.453,917.06,405.05,0.38727
7057,5086.6,78331,30.448,394.91,164.54,0.41178
7059,3797,76472,24.438,207.14,192.76,0.035964
7062,3683.4,77631,32.059,495.96,444.89,0.054285
7063,3860.4,77657,25.664,398.33,146.3,0.46275
7065,5608.7,76967,36.864,306.21,190.72,0.23239
7067,5160.1,78549,29.546,169.24,224.58,-0.14052
7068,5564.2,78649,35.889,438.17,344.39,0.11983
7069,4106.8,77500,26.723,1239.7,847.21,0.18809
7070,3819.3,75780,31.501,321.74,205.94,0.21945
7070,4737,78530,34.357,361.11,147.34,0.42043
7071,3964.6,77422,20.11,1100.3,792.86,0.1624
7071,4252.3,75873,32.162,548.87,299.81,0.29347
7072,3896.4,75767,38.146,363.25,212.38,0.26209
7073,3576.9,75734,27.134,756.48,599.09,0.1161
7073,4128.8,77663,20.383,695.63,313.23,0.37904
7074,4286.2,77648,23.884,750.4,387.15,0.31932
7074,5101.9,76096,23.5,668.31,507.75,0.13652
7075,4363.6,77372,27.474,759.88,492.33,0.21366
7076,3761,77445,34.893,422.59,352.03,0.091087
7079,4887,77915,30.911,202.92,126.48,0.23208
7079,5211.5,75997,23.492,726.21,337.83,0.365
7080,5370.2,75777,23.098,1351.3,804.71,0.25351
7081,5215,78378,35.395,468.1,229.07,0.34285
7081,5365.2,75837,19.999,944.3,486.58,0.31989
7082,5344.4,75783,18.125,594.31,409.74,0.18382
7088,4037.7,77662,37.43,184.58,174.2,0.02892
7089,3480.8,78602,32.999,536.64,334.6,0.23191
7091,3443.6,78363,31.438,571.75,437.51,0.133
7091,5001.8,78718,31.717,449.48,453.18,-0.0040974
7091,6006.7,78090,35.865,247.01,188.84,0.13346
7092,6241.7,76879,27.909,175.11,106.95,0.24165
7094,3737.1,77310,28.231,858.87,502.76,0.26153
7095,3963,77354,34.197,496.56,339.24,0.18823
7095,5651.1,78239,22.32,424.85,449.23,-0.027896
7096,5450.9,78352,29.022,297.82,240.25,0.107
7097,4710.4,76391,33.097,338.3,151.76,0.38064
7097,5325.9,78336,31.399,854.83,513.46,0.24949
7098,5643.2,75761,29.885,854.72,835.11,0.011603
7100,3589.4,77857,38.357,428.52,259.29,0.24604
7101,4662.5,76302,28.448,462.78,271.26,0.26091
7101,4892.3,78268,37.129,389.86,519.96,-0.143
7101,5444.2,76035,36.185,355.93,249.02,0.17673
7104,5422.7,75879,17.859,737.92,421.96,0.2724
7105,5317.9,77452,37.716,250.43,148.28,0.25621
7109,4472.8,77674,30.814,473.97,280.9,0.25577
7110,5652.7,75728,23.195,637.9,416.31,0.2102
7110,5900.1,76990,36.093,208.19,156.96,0.14031
7111,4851.7,77896,26.428,204,104.18,0.32391
7112,3823.4,78543,30.391,621.98,502.95,0.10581
7112,5383.1,75837,35.17,225.44,393.46,-0.27148
7113,3786.4,78478,26.501,1075.9,628.05,0.26284
7113,5474.7,78572,29.865,448.83,101.73,0.63044
7114,5377.5,78686,21.381,905.75,523.94,0.26706
7115,4891.6,77907,29.916,460.32,196.06,0.4026
7115,5422,78683,17.025,933.94,432.31,0.36716
7115,6369.9,77120,27.05,559.32,523.81,0.032781
7116,5407.8,78649,13.483,1165.6,504.21,0.39609
7116,6265.2,77558,33.84,323.12,361.54,-0.056108
7117,5890.7,77545,32.461,344.26,208.94,0.24462
7118,6020.2,77550,31.304,220.77,104.45,0.35769
7119,5203.4,78625,28.823,346.8,178.74,0.31979
7120,3931.2,77458,32.244,720.98,667.21,0.038738
7121,3500.9,77276,27.318,286.48,140.7,0.34127
7124,4486.2,76897,36.303,408.46,227.1,0.28535
7125,5566,75917,37.584,306.3,285.47,0.035194
7125,5732.6,77772,36.145,175.76,143.28,0.10181
7128,4912.9,76735,28.661,331.05,151.72,0.37147
7128,5998.3,78229,38.023,369.3,128.55,0.48359
7129,5141.6,76824,24.779,281.63,181.53,0.21613
7130,4092.4,77580,28.553,408.56,270.3,0.20367
7130,4502.9,76399,21.672,248.04,107.37,0.39578
7130,5149.7,76840,34.753,357.03,171.69,0.35055
7131,5224.6,76815,38.923,533.96,234.39,0.38988
7132,5211.4,76771,31.189,986.32,717.84,0.15755
7133,4017.7,77775,32.166,331.78,136.75,0.41626
7133,5449.1,77504,36.045,329.88,240.77,0.15615
7134,5420.3,76925,32.387,589.9,462.86,0.12067
7135,3591.8,75854,38.577,633.83,433.27,0.18795
7135,3994.9,78494,38.51,189.94,105.96,0.28381
7135,4644,76198,33.991,375.29,409.17,-0.043183
7136,5656.9,78591,31.053,560.55,288.79,0.31997
7138,3920.1,77747,32.422,595.72,464.07,0.12423
7139,4300,78600,36.756,203.17,152.17,0.14351
7140,4582.1,78699,35.516,424.67,291.51,0.18593
7142,3954.2,77641,21.845,1230.9,684.54,0.28525
7143,3653.1,76514,35.862,500.44,279.31,0.28359
7143,3877.2,78576,23.032,524.65,374.26,0.1673
7144,3817.1,77086,39.645,393.19,408.15,-0.018671
7144,3916.5,78569,34.189,234.66,307.73,-0.13473
7145,3868.1,77070,33.837,479.32,418.02,0.06831
7145,5336.9,78429,31.069,423.86,171.76,0.42327
7147,3844.5,76110,35.441,523.79,235.2,0.38023
7147,5053.8,77936,21.162,304.5,186.41,0.24056
7148,3421.7,77514,34.428,255.31,108.98,0.40169
7149,4853.9,78020,25.603,543.4,234.2,0.39763
7152,4811.2,76339,27.809,650.25,415.56,0.22021
7152,5822.5,77019,36.422,619.88,288.05,0.36548
7154,3672.7,77163,28.449,825.12,462.42,0.2817
7156,3957,77609,29.109,321.79,292.22,0.04815
7156,4760.7,76315,29.778,292.16,296.64,-0.0076096
7158,3860.6,77300,26.786,717.64,554.09,0.12861
7158,6087.1,77715,26.01,238.34,201.49,0.083777
7161,3777.3,77295,26.072,194.78,138.93,0.16737
7163,3561.5,77246,26.973,478.28,354.47,0.14868
7163,5526.4,77554,37.939,492.28,240.25,0.34406
7165,3721.9,77231,33.038,524.37,586.72,-0.056118
7165,4590.8,76445,30.373,521.39,496.37,0.02458
7166,3581.5,77207,24.401,408.7,284.11,0.17984
7166,4768.6,76286,33.93,450.9,332.42,0.15126
7167,5439.8,76486,30.388,536.5,563.68,-0.024709
7167,5467.1,76471,31.949,429.17,457.04,-0.031456
7168,4586.7,77684,31.954,516,447.87,0.07068
7168,5818.4,75766,26.575,469.52,422.87,0.052275
7171,6248.1,77433,32.513,367.99,179.71,0.34376
7173,3861.2,77366,33.532,142.75,112.9,0.11676
7173,3925.2,78443,23.511,625.71,644.8,-0.015024
7173,5693.2,78667,24.156,380.82,171.66,0.37859
7177,4913.3,78422,31.499,435.24,389.19,0.055855
7179,4199.2,77893,25.942,455.44,353.36,0.12621
7180,4032.2,77906,23.49,682.91,281.5,0.41622
7181,5171.9,78584,26.173,605.11,466.17,0.12969
7181,6206.7,77530,21.831,388.58,205.96,0.30717
7182,4723.4,76596,39.409,567.47,432.17,0.13535
7182,5588.2,75751,36.532,250.75,239.92,0.022073
7183,5340.9,75761,35.384,350.94,147.68,0.40765
7184,3957.2,77291,32.927,295.12,119.48,0.42363
7184,5762.5,75874,33.643,317.42,269.6,0.081452
7185,5284.5,75778,22.681,535.64,384.02,0.16487
7185,5267.1,77231,32.472,253.77,354.99,-0.16628
7186,5031.8,77737,35.934,435.31,274.09,0.22727
7189,3877.1,77034,35.895,365.83,148.05,0.42378
7191,5103.4,78238,25.2,371.48,177.03,0.35451
7192,5150.8,77907,27.68,968.2,611.35,0.22591
7193,4015.4,77490,29.528,407.75,126.16,0.52741
7193,4172.5,78221,38.718,465.37,306.62,0.20564
7194,5262.6,78415,25.885,1163.9,533.3,0.37156
7195,5327.4,78697,17.946,1759.7,499.51,0.55781
7196,4068.2,77482,27.606,394.69,407.69,-0.016195
7196,5215.4,78598,18.169,1565.5,634.28,0.42333
7197,5079.2,78667,14.329,1034.9,453.31,0.39082
7199,4961.4,76918,35.562,594.93,289.93,0.34469
7199,5245.6,75940,19.258,706.7,607.41,0.075554
7200,5257.4,75889,30.563,394.35,125.22,0.51799
7201,5390.1,76961,31.606,441.26,258.19,0.26173
7201,5926.7,75774,30.953,490.14,262.59,0.3023
7203,5527.2,78161,28.912,225.05,213.85,0.025532
7204,4889,76927,31.63,439.26,321.94,0.15412
7206,4142.1,75888,32.813,453.06,259.42,0.27178
7206,5975.3,76972,35.48,186.42,123.93,0.20135
7210,5495.8,75761,17.658,680.36,352.16,0.31786
7212,5654.8,75733,29.505,553.02,387.12,0.17646
7213,5367,78606,20.843,1076.5,272.68,0.59577
7214,5357.4,75857,29.442,427.95,318.84,0.1461
7215,5691.6,75779,21.058,342.59,273.03,0.11298
7215,5893.8,77481,39.915,692.08,199.8,0.55195
7217,4951.8,75806,33.605,765.66,436.51,0.2738
7217,5324.6,77043,21.224,990.01,625.54,0.2256
7218,3915.6,78081,30.612,370.44,249.58,0.19494
7218,4452.9,77266,25.578,535.99,275.74,0.32062
7218,5280.5,76400,38.724,281.28,248.99,0.060894
7218,5494.4,77083,31.864,241.06,184.78,0.13218
7219,4425.6,77606,26.534,1128.9,729.45,0.21496
7220,3713.6,78427,29.214,280.64,188.16,0.19727
7220,5335.9,76210,23.794,357.75,180.57,0.32914
7220,5719,78173,30.456,274.15,156.13,0.27429
7221,4102.4,77361,32.517,689.84,432.11,0.22971
7221,5295.7,75947,33.288,160.32,135.06,0.085503
7222,3722.9,78501,33.98,588.81,327.57,0.28507
7222,4309.2,76698,25.216,1175.5,658.93,0.28158
7222,5216.1,78296,33.47,798.93,417.19,0.31389
7224,3577,77253,26.777,716.75,581.64,0.10406
7224,5434.9,78259,34.183,596.27,442.29,0.14826
7225,5116.1,77464,24.337,485.6,423.15,0.068715
7226,4649.5,78513,36.439,529.35,453.1,0.077613
7227,5442.6,78616,23.677,589.8,283.51,0.35073
7228,5479.8,78637,18.526,494.84,161.17,0.50865
7229,4632.8,78472,39.256,736.21,618.74,0.086701
7229,5073.4,76803,33.154,503.15,341.64,0.19118
7230,4911.9,76872,32.915,348.71,379.73,-0.042579
7231,5015.8,76846,24.951,441.36,330.94,0.14298
7231,5015.5,77376,33.472,170.24,166.52,0.011039
7232,4773.9,78319,32.298,388.39,275.97,0.16921
7232,4923.4,76580,28.173,251.77,198.08,0.11936
7232,6067.3,77541,35.897,365,388.66,-0.031389
7233,3887.6,77619,37.528,210.48,204.21,0.015111
7234,3801,77525,29.676,382.51,251.48,0.20668
7238,6349.1,77526,39.439,243.02,159.95,0.20616
7241,3512,78092,29.571,471.89,207.58,0.389
7241,5185.6,76106,30.126,128.08,136.38,-0.031381
7241,5655.9,78149,35.369,393.53,285.41,0.15925
7246,5999.8,77497,31.192,319.52,241.66,0.13874
7247,4697.4,77944,33.577,187.38,271.46,-0.18324
7247,4793.6,76570,34.748,279.11,120,0.39866
7248,5520.9,75907,30.241,167.38,116.46,0.17937
7249,4758.2,76565,28.684,177.25,100.55,0.27611
7252,4389.1,76713,22.252,638.72,274.85,0.39829
7252,6168.4,78540,31.607,344.02,318.75,0.038127
7253,3421.7,77888,28.514,498.26,157.29,0.52012
7253,5693.6,78126,35.866,228.55,131.74,0.26872
7254,4539.9,76649,30.445,381.47,238.83,0.22996
7255,5268.6,77501,26.208,476.91,340.39,0.16704
7256,5367.6,78711,30.789,356.06,193.79,0.29513
7257,3955.5,77330,25.716,856.05,571.34,0.19946
7259,5317.5,76034,26.259,240.12,151.59,0.22602
7261,4077.5,76556,35.166,230.07,227.87,0.0048077
7262,4752.7,78007,35.424,268.89,138.91,0.31874
7263,4978.1,78261,33.223,202.07,371.78,-0.29573
7264,5214.6,76300,26.313,219.53,181.48,0.094894
7265,3955.6,76132,34.001,265.74,154.9,0.26348
7265,4303.3,77714,38.94,245.83,475.07,-0.31799
7265,5254.3,76106,23.357,207.27,119.33,0.26926
7268,5325.2,76096,25.432,742.94,360.03,0.34716
7269,3641,75751,18.818,1121.3,694.47,0.23507
7270,5233.4,76048,34.857,211.59,184.33,0.068856
7271,6071.6,77713,32.832,246.15,201.01,0.10094
7274,3564.5,75998,29.931,194.17,144.02,0.14828
7274,4768.9,76233,31.886,316.8,250.56,0.11676
7274,6066.7,77459,31.585,243.25,180.04,0.14934
7275,4833.1,76423,31.792,212,118.27,0.2838
7278,3788.9,76923,29.889,619.3,333.05,0.30056
7282,4288.2,75820,29.181,237.97,119.51,0.33138
7282,4351,77264,31.659,671.35,556.79,0.093282
7282,5681.9,78713,29.466,579.35,435.64,0.14159
7283,3515.6,78459,38.125,362.68,268.56,0.1491
7283,4480.2,76329,32.22,380.98,342.98,0.052482
7283,5196.5,76120,31.129,329.26,196.67,0.25211
7284,4146.1,76363,29.732,240.02,128.17,0.30377
7284,5050.3,78662,25.774,272.25,136.08,0.33347
7285,3926.1,76034,32.687,564.61,317.63,0.27995
7285,4566.9,76414,32.275,317.83,185.4,0.26315
7285,5148.9,77105,34.119,248.46,255.78,-0.014513
7285,5991.1,77412,35.29,447.39,258.67,0.26728
7286,3805.5,76229,31.798,833.9,524.73,0.22757
7286,5236.5,75873,19.539,282.82,249.23,0.063131
7288,4502.2,78362,35.317,450.69,229.84,0.32453
7290,4130.4,78357,23.455,516.8,423.84,0.098826
7290,6254.7,76308,39.728,245.36,311.88,-0.11938
7291,4184.9,78255,21.973,779.81,725.66,0.035968
7293,4526.1,78302,20.125,1096.7,885.73,0.10643
7295,4217.5,78036,30.851,671.93,451.57,0.19614
7296,4696.5,76656,43.825,854.93,376.4,0.38863
7296,5398.5,78653,32.31,596.08,277.44,0.36477
7298,4094.9,78282,21.966,428.49,364.36,0.080888
7300,3615.6,76369,30.699,299.51,177.85,0.25487
7300,4164.3,78267,26.977,411.82,588.18,-0.17636
7301,5388,76208,32.423,183.26,176.96,0.017475
7303,4486.8,78151,29.248,487.75,396.23,0.10353
7305,4694.4,78167,36.438,240.37,338.29,-0.16922
7305,5672.6,77893,29.346,210.82,157.88,0.1436
7306,5450.1,76110,38.22,611.61,485.84,0.11461
7306,6145.8,77328,34.037,271.19,226.09,0.090684
7307,4857.5,77966,37.293,244.6,154.17,0.22679
7307,5491.8,75964,36.437,270.96,308,-0.063982
7310,4760,76326,30.714,765.88,503.65,0.20655
7310,4759.3,76110,35.867,535.67,402.87,0.14149
7310,5876.8,75791,28.505,528.08,358.78,0.1909
7311,4183.5,77192,36.859,328.94,181.66,0.28845
7312,5014.6,78358,22.173,939.29,562.32,0.25105
7312,5476.4,77023,32.683,552.97,341.59,0.23629
7313,5050.6,78349,29.188,711.76,414.05,0.26443
7314,4305.2,76588,32.117,312.21,132.13,0.40526
7315,4855.2,76281,23.876,721.14,445.77,0.23598
7316,6250.9,76180,32.29,359.95,293.98,0.10089
7317,5497.8,78716,26.644,1145.2,474.97,0.41366
7318,6208.2,76311,31.992,179.12,156.99,0.065855
7320,4429.9,76672,36.856,402.1,293.78,0.15567
7321,5364.4,75833,29.069,397.83,264.73,0.20088
7327,3512.4,78417,15.997,318.55,148.79,0.36324
7327,6366.2,78481,35.185,410.87,383,0.035113
7328,3562.8,78413,34.887,242.82,306.05,-0.11521
7328,5711.4,75788,33.825,205.75,251.48,-0.10001
7329,3531.3,78498,36.828,247.96,345.6,-0.16449
7330,5578.7,78211,35.087,409.5,508.03,-0.10739
7331,3525.9,77347,28.994,266.54,176.6,0.20296
7331,5375.9,78350,34.344,468.69,428.63,0.044638
7332,4371.1,76621,30.52,493.49,311.31,0.22636
7333,4404,76535,25.589,625.55,312.65,0.33352
7333,5588.6,78331,28.681,259.77,158.99,0.24067
7334,3428.3,77574,32.981,362.29,224.36,0.23512
7334,4484.5,76559,21.703,293.08,192.23,0.2078
7334,5457.8,78568,30.306,360.4,224.42,0.23251
7337,4092.6,77532,18.356,885.16,400.79,0.37666
7340,5458.1,75818,31.793,557.47,457.93,0.098029
7342,3638,77196,23.446,695.42,322.52,0.36633
7342,4569.1,77909,28.804,217.45,113.52,0.31402
7345,4581.4,77136,29.203,226.33,213.44,0.029317
7346,5767.5,75853,35.316,132.17,133.49,-0.0049553
7347,5230,77311,27.255,292.21,282.66,0.016624
7349,6060.2,75746,38.786,137.64,186.96,-0.15194
7355,5527.6,76130,37.277,453.65,241.6,0.30499
7356,5536.3,75905,34.218,461.23,363.04,0.11912
7360,4100.1,78668,24.826,208.01,110.72,0.30523
7364,6269.2,78524,38.06,188.83,103.55,0.29167
7368,5456.2,76071,33.277,296.24,220.4,0.14679
7373,4132.2,76436,34.016,1318.6,964.99,0.15485
7374,5509,76109,28.983,274.01,235.06,0.076501
7375,3621.1,76311,38.054,795.81,702.05,0.062596
7376,5334.2,75895,33.138,425.12,231.83,0.29423
7377,4133,76180,31.888,631.91,524.89,0.092511
7377,5567.6,76000,28.242,493.85,578.93,-0.079307
7378,4163,76646,30.776,312.82,303.11,0.015772
7379,5080.2,78583,33.847,415.24,292.64,0.17319
7379,5521.6,76058,20.939,302.36,171.16,0.27707
7380,3716.4,75733,34.698,287.64,219.09,0.13528
7380,3788,77414,23.478,473.78,215.69,0.37433
7380,5481.4,76141,31.757,321.32,253.06,0.11884
7381,4477.7,77860,29.57,235.58,130.91,0.28561
7382,5359.3,75907,16.385,666.07,497.74,0.14464
7383,3757.4,77958,35.391,400.94,342.82,0.078149
7383,5407.7,75914,33.323,431.14,195.31,0.37646
7386,4948.7,76030,30.647,498,285.61,0.27104
7387,5489.7,78667,32.73,297.6,286.5,0.019
7388,4425.3,75942,30.367,518.09,330.25,0.22142
7391,4279.3,77414,40.01,456.13,196.03,0.39883
7394,3801.2,75877,32.044,252.28,563.46,-0.38147
7395,3769.2,75939,39.035,245.59,454.32,-0.29823
7396,6259.7,76244,33.708,355.14,230.34,0.21316
7397,4362,76545,35.217,293.96,217.15,0.15029
7397,5220.9,75970,33.81,256.47,195.22,0.1356
7398,3594.8,77278,33.269,248.12,257.89,-0.019317
7398,5294.8,76622,32.721,439.43,237.12,0.29903
7398,5511.2,77601,34.85,353.92,198.02,0.28245
7398,5629.9,78164,17.621,326.76,171.62,0.31128
7400,5533.8,78279,28.81,280.47,210.8,0.14183
7401,5888.5,75750,43.11,682.83,154.45,0.63107
7401,5648.9,76593,27.788,178.09,106.49,0.25162
7403,5393.3,77384,35.351,791.77,544.61,0.18495
7403,5426.5,77499,37.509,817.26,591.6,0.16017
7405,6059.6,78586,33.569,283.68,277.17,0.011618
7406,5160.1,76682,25.278,417.87,118.7,0.55755
7407,5070.5,76855,35.906,315.22,304.44,0.017408
7408,4876.6,76377,33.89,207.38,219.9,-0.029314
7409,5616.2,78660,29.508,448.54,459.56,-0.012136
7410,3606.1,77786,33.554,216.05,283.47,-0.13497
7412,3787.7,77885,38.601,408.85,336.21,0.097487
7412,6208.5,77716,36.291,213.33,220,-0.015399
7413,3609.8,77864,22.209,746.07,294.08,0.43454
7413,6144.7,77807,34.594,371.26,145.23,0.43763
7415,5506.2,78246,26.662,440.86,390.5,0.060566
7415,6123.7,77659,33.595,661.34,529.83,0.1104
7416,5336.1,78258,36.16,223.83,132.35,0.25683
7417,5947.9,77381,31.638,640.64,425.81,0.20144
7419,6097,77525,27.957,1335.1,915.37,0.1865
7420,4202,77600,34.021,507,296.03,0.26271
7421,5330.5,76707,33.255,197.01,121.58,0.23676
7425,5049.5,77081,25.325,542.55,246.82,0.37464
7426,4618.9,77378,33.575,481.97,204.88,0.40341
7427,3690.4,77369,18.828,975.39,565.71,0.26584
7427,4508,77139,29.803,556.92,407.38,0.15507
7427,4841.3,78043,22.326,1010.3,534.08,0.30837
7428,4409.4,75756,26.599,211.49,197.87,0.033264
7428,4479.1,76669,23.159,686.35,340.14,0.33727
7428,5037.9,78241,27.512,1210.4,933.49,0.12918
7428,5474.7,76223,34.176,255.6,123.78,0.34747
7429,4996.2,78280,18,1631.7,974.37,0.25223
7430,4475.3,76548,27.593,349.47,261.43,0.14412
7430,5932.6,77562,34.227,472.08,332.65,0.17326
7431,4423.9,78669,30.896,275.73,100.63,0.46524
7431,4529.3,76456,25.155,682.4,308.65,0.37713
7432,6039.7,76118,34.769,239.24,173.37,0.15965
7433,4696.2,76799,30.857,192.81,194.18,-0.0035517
7433,4704.4,76332,32.962,238.06,150.6,0.22504
7435,3671.4,77654,34.071,154.36,290.73,-0.30638
7437,3930.1,77736,34.141,668.91,512.42,0.13247
7438,5390.8,78671,25.085,692.46,441.28,0.22155
7439,5472.4,78720,36.71,234.1,305.06,-0.13162
7441,5523.1,75802,29.992,541.27,518.4,0.021581
7442,3585.7,76070,33.956,313.41,196.6,0.22903
7442,3679.9,77641,29.447,336.51,145.61,0.39595
7442,5277.5,76099,28.656,274.6,181.92,0.20301
7445,4325.8,76958,37.957,344.86,220.92,0.21907
7446,4007.9,75842,32.865,349.49,115.58,0.50297
7446,4334.7,77776,36.305,308.14,247.75,0.10864
7447,4853.4,76611,30.618,347.77,187.61,0.29915
7448,4549.7,78430,25.901,607.53,333.09,0.29177
7449,4769.8,75871,30.144,221.19,105.95,0.35229
7451,4911,78402,31.852,275.69,186.89,0.19198
7453,4784.7,78359,25.35,934.85,629.72,0.19502
7454,5537.7,76016,28.547,401.04,183.19,0.37288
7455,5217.4,76972,29.535,722.94,285.4,0.43393
7456,5444.2,76965,26.491,758.51,502.82,0.20271
7457,4518,78287,29.023,395.62,206.24,0.31466
7457,5186.4,76807,31.051,873.39,498.42,0.27334
7458,4811.8,78248,43.696,679.78,217.86,0.5146
7459,5342,77139,32.097,345.53,171.89,0.33559
7460,4659.4,78417,30.908,279.38,127.6,0.37296
7461,4039.3,75919,33.013,332.36,288.68,0.070348
7461,5145.1,76818,28.096,490.83,314.96,0.21826
7461,5622.3,75995,30.444,339.14,163.16,0.35036
7462,3911.8,78477,25.224,576.18,432.58,0.14235
7463,3756.4,78359,33.012,209.99,166.54,0.11538
7463,4240,75894,24.707,631.23,402.95,0.22073
7463,4432.5,77295,20.555,748.69,455.39,0.24359
7463,5161.3,78289,36.388,512.62,272.26,0.30623
7463,6171.1,78073,20.791,223.48,216.56,0.015718
7464,3669.3,77347,21.874,878.17,459.25,0.31324
7465,3574.9,77379,32.929,364.11,380.71,-0.022286
7467,4165.5,77580,21.885,601.42,360.97,0.24985
7469,4698.8,77363,28.757,610.6,203.48,0.5001
7472,4604.9,77827,34.159,220.49,167.26,0.1373
7473,3486.4,77343,31.956,254.08,190.03,0.14424
7475,5542.3,75974,22.639,492.48,319.75,0.21267
7477,4014.2,75914,33.122,564.22,531.74,0.02964
7477,5433,76227,29.744,302.82,189.53,0.23011
7478,5119.3,77686,31.839,197.37,118.57,0.24944
7478,5433.6,76120,18.107,522.04,301.38,0.26798
7479,3583.2,75919,22.895,747.96,399.83,0.3033
7479,6365.7,77553,33.328,206.07,100.67,0.3436
7480,3618.1,75879,31.73,609.11,468.28,0.13072
7480,5768.2,77515,22.453,303.64,294.12,0.015925
7481,5552,76109,21.987,318.57,243.57,0.13343
7482,5176.7,77828,33.2,446.71,324.27,0.15881
7482,5581.9,76091,26.363,288.3,229.03,0.11458
7483,3554.8,77267,27.718,269.13,157.41,0.26193
7483,5966.7,76005,31.492,454.49,558.36,-0.10255
7483,5938.8,77997,33.692,432.97,304.9,0.17356
7485,3610.8,77377,23.013,339.52,144.6,0.40264
7485,5096.2,78527,29.407,546.45,298.97,0.29274
7485,5584.8,77558,33.46,340.79,241.96,0.1696
7487,4384.5,77314,35.681,529.86,391.92,0.14964
7488,3752.9,77371,30.915,353.28,270.14,0.13337
7490,4861.4,76522,37.376,594.79,315.59,0.30668
7490,6260.3,76855,39.01,114.45,174.54,-0.20795
7491,4718,76479,34.967,370.14,385.96,-0.020913
7492,4446.9,76367,36.86,305.06,213.99,0.17545
7495,4039.2,77410,28.095,583.37,354.59,0.24391
7498,5738.7,77506,34.125,144.92,194.57,-0.14624
7499,5245.4,75883,22.265,359.92,154.53,0.39925
7502,3489.9,77477,28.807,499.5,223.24,0.38224
7502,4386.5,76565,34.399,317.6,346.96,-0.044183
7505,3501,77389,30.513,646.74,422.83,0.20935
7505,3525.8,77392,31.569,796.24,545.64,0.18676
7509,3825.6,76048,29.391,248.26,203.14,0.099967
7509,3855.2,77248,36.066,320.61,167.11,0.31474
7509,3882.1,77620,33.946,574.33,347.47,0.24611
7512,3576.1,76590,36.007,330.98,191,0.26817
7514,4173.8,77585,41.471,338.89,219.37,0.21409
7514,5120.1,76862,27.739,204.91,116.12,0.27657
7517,3774.1,76037,29.703,484.92,548.97,-0.061949
7518,3696.1,77424,25.411,402.85,213.08,0.30811
7523,3511.5,76263,30.441,188.71,204.54,-0.040242
7523,4123.7,77126,29.726,376.39,186.21,0.33803
7523,4764.6,78109,31.037,438.11,461.72,-0.026244
7523,5537,78331,22.16,696.5,422.95,0.24436
7524,3481.5,75996,34.182,313.02,248.19,0.11553
7524,3489.6,78341,25.358,384.14,308.28,0.10955
7524,5530,78666,23.286,965.82,609.41,0.22626
7524,6205.3,76250,24.107,576.78,503.46,0.067881
7525,5493.1,78100,39.521,276.56,267.74,0.016216
7527,4160.6,78308,34.983,288.84,186.51,0.21528
7528,4625.5,77240,36.308,501.76,362.61,0.16098
7528,5544.1,78234,27.747,142.86,150.86,-0.027229
7530,3503.1,78343,22.325,849.53,652.24,0.13138
7530,4889.8,77734,38.039,380.29,160.53,0.40634
7530,5555,78716,25.12,482.64,398.19,0.095876
7532,4463.1,76129,24.367,969.88,680.65,0.17523
7533,5431,76217,28.65,196.95,106.11,0.29975
7535,3753.1,78018,33.177,760.38,510.37,0.19674
7535,4911.2,78316,29.012,570.95,293.38,0.32115
7536,4665,76742,24.76,624.46,460.37,0.15127
7537,4928,77955,33.339,345.55,199.33,0.26835
7537,5528,78394,33.904,446.25,308.68,0.18222
7538,3601.8,78226,35.433,293.69,135.34,0.36909
7538,4836.6,78142,35.029,270.02,348.86,-0.12739
7538,5474.5,78704,18.584,824.36,692.64,0.086827
7540,3693.2,78480,33.145,358.25,121.29,0.49413
7540,5217.8,78408,30.231,265.31,166.42,0.22905
7541,3613.8,77545,24.24,371.12,314.71,0.082242
7541,4218.5,75942,37.666,273.47,327.18,-0.089424
7543,3605.4,77534,33.299,420.93,319.97,0.13626
7544,3455.4,75870,23.606,681.97,436.7,0.21926
7545,4530.7,76662,22.53,516.21,250.74,0.34613
7546,4490.8,78645,34.418,126.66,125.05,0.0063835
7547,3732.3,78068,32.421,364.72,128.21,0.47982
7551,3758.5,77676,33.846,333,200.34,0.24875
7552,3848.5,78390,35.233,516.21,373.09,0.16093
7555,3714.6,78485,32.335,252.03,232.51,0.040281
7556,3615.1,76586,34.963,443.02,239.6,0.29799
7557,4861.8,77130,33.894,490.23,164.09,0.49845
7558,4867,77906,31.231,729.11,570.75,0.12183
7559,3501.3,77427,32.541,265.4,118.76,0.38172
7560,3674.8,77416,24.707,635.56,437.5,0.18457
7560,3962.9,77382,35.125,775.83,511.4,0.20542
7561,4023.4,77408,28.77,467.69,253.06,0.29778
7561,4564.5,76183,32.106,254.67,255.29,-0.0012235
7561,5141.1,78067,37.315,304.45,257.96,0.082667
7562,4335.9,77802,29.219,363.12,215.29,0.25558
7563,4333,77794,23.948,409.67,160.29,0.43754
7563,4990.6,78133,42.387,748.79,602.9,0.10793
7564,5288,75897,28.246,376.35,461.28,-0.1014
7565,3995.7,76159,34.08,204.28,143.41,0.17505
7566,4034.7,78131,24.78,365.83,200.23,0.29254
7567,4942.5,76820,34.284,499.04,315.49,0.22534
7567,5192.2,75991,35.333,356.11,118.81,0.49966
7568,4097.2,78343,27.38,357.37,275.65,0.12909
7570,5061,75825,26.974,462.13,299.63,0.21331
7571,3605.8,78205,34.416,439.74,486,-0.049972
7571,3928.3,75746,20.795,716.13,373.21,0.31479
7571,5088.7,78235,31.128,803.73,571.79,0.16861
7573,4040.2,76313,25.574,416.5,438.84,-0.026122
7573,5880.5,76593,33.159,272.34,131.77,0.34784
7576,3822.2,76965,32.096,366.39,468.61,-0.12242
7576,5745.7,76379,31.021,290.94,264.78,0.047066
7577,5934.6,76521,36.824,238.13,128.16,0.30024
7580,4312.1,78383,33.068,261.89,133.47,0.32484
7580,5006.9,76326,32.641,341.9,265.16,0.12642
7583,4193.5,78484,33.624,573.59,648.45,-0.061263
7589,5106.3,78671,34.837,624.64,327.91,0.31152
7590,4019.6,76110,29.58,446.78,308.43,0.1832
7590,5298.7,75887,29.442,385.57,355.93,0.039975
7591,4201.2,75781,29.305,432.21,114.43,0.58132
7591,4919.2,78374,29.96,599.19,369.23,0.23746
7593,3619.1,77279,35.639,260.69,101.94,0.43778
7593,4493.7,77517,37.027,364.51,257.83,0.17143
7593,6058.5,76850,36.354,577.35,275.88,0.35332
7594,5605.5,78159,23.331,662.26,248.59,0.45416
7595,4175.8,77079,29.108,522.27,395.14,0.13858
7595,4666.4,78197,23.274,550.38,418.18,0.1365
7597,4032.1,77404,33.673,678.27,434.53,0.21903
7598,3806.2,77319,26.689,240.36,126.24,0.31127
7598,4344,78436,34.959,287.62,199.92,0.17988
7599,4312.3,78387,34.948,366.55,187.95,0.32208
7601,3976.1,78069,37.488,216.47,165.21,0.1343
7602,3923,77046,37.078,247.2,108.11,0.39144
7602,5017.5,76752,29.018,795.27,286.36,0.47051
7602,5835.4,76704,32.792,186.38,213.92,-0.068781
7603,5535.9,76096,30.289,371.24,240.67,0.21338
7606,5005.9,77115,32.893,766.66,495.13,0.21519
7608,6173.6,77589,36.869,347.61,306.07,0.063542
7609,5186.9,76053,30.943,441.88,310.36,0.17484
7613,3728.7,75747,32.978,452.71,298.28,0.20564
7617,4895.4,76905,31.484,533.11,821.28,-0.21276
7617,5093.9,76495,26.721,578.91,323.79,0.28262
7618,5018,76477,32.692,872.76,726.86,0.091207
7619,5122.4,76905,29.683,727.13,603.5,0.092915
7625,5614.1,77134,39.53,484.79,330.28,0.18957
7626,3839.3,78530,28.24,459.54,570.34,-0.10758
7626,4863.6,78265,28.394,690.78,543.25,0.11955
7627,4680.3,78056,30.342,292.36,223.7,0.13303
7627,5224.7,75774,40.207,289.51,204.2,0.1728
7629,4996.5,77857,29.587,722.2,388.87,0.30001
7629,5155.5,75902,31.008,649.67,160.98,0.60283
7630,4810,77842,44.008,876.05,449.13,0.32216
7630,4909.7,76335,22.37,477.09,250.39,0.31163
7632,4458.5,76016,37.534,209.15,184.84,0.061714
7633,4349.2,77556,19.956,586.48,611.19,-0.020632
7638,3998.5,76359,32.179,229.5,315.22,-0.15735
7638,5554.1,75872,38.511,260.87,283.48,-0.041534
7640,5525.5,75786,30.417,518.67,173.13,0.49947
7642,4951.8,77911,38.801,356.63,169.95,0.3545
7643,4430.3,75852,37.902,377.04,145.87,0.44208
7643,5563.6,75903,38.01,284.1,185.45,0.2101
7644,5093.7,78428,32.329,277.84,225.99,0.10292
7644,5542.6,76046,27.422,163.18,139.52,0.07816
7647,4243.1,77407,33.196,413.07,278.34,0.19486
7649,4468.9,76561,30.533,555.27,160.43,0.55169
7650,5041.2,77146,34.682,215.17,106.06,0.33965
7650,6204.7,77486,28.471,363.51,239.46,0.20573
7652,5562.6,75862,31.715,272.3,269.77,0.0046634
7654,5981.2,76358,32.185,460.16,143.54,0.52445
7655,5202.6,76160,16.327,314.36,154.54,0.34084
7655,5755.5,76667,31.577,319.65,213.46,0.19918
7656,5220.2,76237,24.528,388.67,155.58,0.42828
7656,5931.7,77039,36.471,576.06,442.31,0.13134
7657,4288.3,76967,34.088,285.21,117.96,0.41485
7657,5392.5,76463,36.036,297.97,221.84,0.14646
7658,5182.5,76213,28.736,395.57,194.57,0.3406
7662,3931.2,78021,25.84,524.48,254.21,0.34709
7664,4210.2,76288,22.953,647.44,336.97,0.31538
7665,5287.8,77120,30.243,199.88,214.12,-0.034418
7666,4673.7,76318,36.29,206.2,138.34,0.19695
7667,6190.1,76221,22.41,370.31,137.74,0.45776
7668,5306.3,78584,32.259,348.78,206.01,0.25734
7668,6229.7,76258,27.002,468.24,459.35,0.0095888
7669,6264.6,76226,19.519,478.53,288.87,0.24715
7670,6237.8,76246,26.711,213.12,191.48,0.053503
7671,6246.6,76191,33.499,298.1,157.83,0.30768
7673,5539.7,76711,35.445,216.9,104.05,0.35164
7673,6230.9,76388,27.465,270.21,124.81,0.36809
7675,5779.9,77462,28.078,317.3,214.28,0.1938
7676,5337.3,78259,34.202,223.43,120.78,0.29823
7677,4685.4,75774,37.148,218.59,130.93,0.25081
7678,3984.3,77394,30.547,941.22,569.89,0.24573
7678,5668.8,76973,39.77,347.75,235.42,0.19262
7683,5257,76426,26.834,785.28,395.92,0.32963
7687,4237.2,76173,39.519,591.25,541.15,0.044244
7687,5759.8,77613,35.592,382.74,204.93,0.30257
7688,4461.6,75838,34.545,241.84,122.33,0.32816
7691,6050.2,77458,28.283,451.76,329.52,0.15646
7693,6020,76982,30.231,290.13,268.48,0.038758
7697,5248.9,75851,38.513,442.74,165.93,0.45478
7698,3440.9,78308,26.854,340.41,239.94,0.17312
7698,4238.5,76702,28.604,457.22,243.13,0.30569
7700,4557.8,78411,29.937,285.93,125.67,0.38937
7701,5054.4,78221,30.039,182.43,119.17,0.20973
7705,3635.2,77393,20.939,1131.6,870.92,0.13018
7705,5966.9,75858,29.734,525.8,169.66,0.5121
7706,3595.5,77554,26.906,625.71,381.26,0.24276
7708,3554.7,77657,32.783,886.05,790.36,0.057075
7708,3571.5,77604,31.965,802.43,788.4,0.0088175
7709,3519.7,77480,41.349,1219.3,1126.7,0.039482
7709,3715.1,77667,29.459,541.99,545.58,-0.0033056
7710,3644.1,77589,33.391,1063.8,1229.1,-0.072121
7711,3784.2,77475,18.364,915.79,813,0.059459
7712,4655.8,76727,37.662,167.16,152.07,0.047279
7712,5209.4,76142,31.758,221.31,184.23,0.091443
7714,5672.6,78149,25.82,581.6,556.98,0.021623
7716,5216.2,76268,25.557,330.97,241.37,0.15655
7718,4930.7,76316,25.227,422.85,268.95,0.22247
7719,4129,77272,29.358,326.24,143.49,0.38904
7719,5574,77879,40.82,802.05,348.34,0.3944
7720,5663.8,77951,38.749,444.85,378.44,0.080672
7721,5496.7,75858,30.383,255.43,156.49,0.2402
7721,6013.7,77397,33.525,371.72,339.68,0.04504
7722,3820.5,76018,24.825,765.99,499.52,0.21056
7722,5619.5,77145,33.203,350.59,310.45,0.06073
7722,5684.8,78067,37.772,737.46,589.66,0.11136
7724,4179.5,77384,32.138,489.51,281.26,0.27019
7725,5799.3,77435,32.209,180.48,102.43,0.27589
7725,6324.1,76433,27.54,199.98,112.61,0.2795
7726,4727.3,76294,23.589,375.62,266.35,0.1702
7728,4653.9,76487,34.943,465.87,289.4,0.23365
7728,5206.1,76259,31.777,267.17,159.84,0.25136
7729,4040.9,77612,27.328,462.94,273.41,0.25739
7729,5507.2,78492,40.379,624.18,615.75,0.0067968
7732,5209.4,78722,41.364,904.99,635.86,0.17466
7733,5107,75925,42.755,628.1,335.2,0.30406
7735,4843.3,76222,29.257,341.67,204.87,0.2503
7737,4851.9,76729,45.195,1168.8,922.67,0.11767
7737,5682.7,76985,36.328,159.82,108.97,0.18919
7738,3464.3,78304,32.309,282.86,240.18,0.0816
7738,5006,76728,35.158,333.44,290.27,0.069221
7740,4450.6,76018,30.635,174.9,123.8,0.17109
7741,4669,76302,30.532,412.11,346.34,0.086711
7742,4772.3,76305,34.916,306.35,275.2,0.053569
7743,4845.3,76337,29.589,506.33,527.53,-0.020507
7744,4728.4,76419,37.893,573.97,407.95,0.16908
7744,5132,78490,33.929,415.41,110.7,0.57916
7745,3861.8,75859,28.956,484.63,414.24,0.078309
7750,4726.7,76305,24.843,285.18,157.65,0.288
7752,4749.9,76494,26.755,306.2,158.9,0.31669
7754,4001.3,76196,36.222,570.38,388.85,0.18925
7754,5121,78473,30.785,353.37,332.67,0.030178
7754,5475.2,75750,21.73,462.98,298.01,0.21679
7755,4956,76606,21.798,740.95,181.04,0.60728
7755,5269.8,75838,30.366,351.66,220.9,0.22836
7756,4216.8,76149,35.195,504,112.53,0.63495
7757,4824.2,78260,25.739,982.15,529.52,0.29942
7758,5314.8,76669,37.841,239.61,137.18,0.27184
7758,5433.4,78698,23.97,569.93,458.06,0.10883
7759,4680.8,78685,28.717,653.03,410.52,0.22802
7760,5604.1,76173,29.802,339.67,106.02,0.52424
7760,5476,78341,38.278,440.31,307.04,0.17832
7762,5491.9,76477,29.72,406.82,283.54,0.17858
7763,5578.7,78097,42.344,702.23,362.83,0.31867
7763,5904.1,76461,24.848,1224.3,704.6,0.26944
7764,5673.9,78286,28.2,614.96,397.5,0.21479
7767,5623.5,75943,26.43,568.81,444.79,0.12236
7769,5548.8,75999,28.286,229.33,231.29,-0.0042519
7770,4059.1,76133,29.681,485.03,258.96,0.30385
7770,5412.9,75864,25.197,314.72,258.45,0.098172
7772,5375.3,75938,31.136,299.11,140.91,0.35955
7775,3924.8,77443,32.716,211.31,116.59,0.28885
7775,4873,76362,31.397,614.47,385.13,0.22943
7775,4974.2,76332,30.014,762.18,422.19,0.28706
7776,3840.3,77027,16.799,933.89,186.31,0.66736
7777,3785.4,76989,22.002,394.43,163.33,0.41433
7778,5353.5,78672,30.801,325.84,222.48,0.1885
7779,3890.5,76975,18.247,529.12,238.33,0.3789
7779,4283.1,78247,34.738,419.03,463.87,-0.050786
7779,4863.4,76362,22.643,1176.5,382.07,0.50971
7780,4721.5,76533,26.254,480.12,365.55,0.13548
7781,4298.7,78257,32.158,766.14,628.74,0.098499
7781,4349.6,78269,28.533,1055.2,973.95,0.040027
7782,4391.5,78413,36.679,697.22,520.83,0.14481
7783,4950.5,76700,30.532,385.86,146.41,0.44987
7784,5208.2,76590,26.849,998.75,681.72,0.18866
7785,4936.6,76519,27.898,618.94,222.6,0.47097
7785,5134.1,77650,37.335,379.43,184.87,0.34478
7786,5112,76368,32.012,133.97,109.96,0.098443
7787,3851.3,77346,26.505,251.41,124.43,0.33786
7788,5161,76833,35.85,697.9,516.91,0.14899
7789,5205,78686,28.393,587.6,598.46,-0.0091598
7790,3733.6,78353,28.215,205.37,159.03,0.12717
7790,5005.7,76453,31.132,385.2,207.17,0.30055
7792,5021,76337,26.27,515,356.09,0.18243
7793,4980.1,76336,22.3,414.92,196.47,0.35729
7795,3863.9,77838,34.532,346.09,143.03,0.41516
7795,5271.4,75744,34.478,253.27,121.57,0.35136
7798,5291.5,78692,33.311,974.97,240.69,0.60401
7800,4405.7,78539,28.824,264.16,110.68,0.40943
7800,4518.4,76398,28.439,444.81,207.45,0.36391
7801,3956.2,75758,27.286,206.5,104.29,0.32886
7801,5363.6,76031,36.029,216.9,176.49,0.10272
7801,5583.6,78256,16.81,332.03,234.64,0.17188
7802,4232,77438,32.238,604.92,417.91,0.18284
7802,5507.6,75941,30.232,431.62,296.58,0.18543
7805,4177.6,77515,25.838,881.42,591.63,0.19673
7807,3814,78213,32.794,772.39,553,0.16552
7808,3895.5,77989,34.551,294.63,198.05,0.19602
7810,3666.6,78481,35.29,394.24,400.93,-0.008404
7811,5655.9,78266,31.076,298.23,174.9,0.26068
7812,5286.4,75802,34.017,282.62,228.15,0.10665
7812,5702.9,78088,33.149,417.19,221.22,0.30696
7813,3833.4,78386,33.17,235.52,128.37,0.29444
7813,5604.5,78114,39.41,441.46,303.78,0.18475
7814,4911.9,77256,27.193,446.8,169.15,0.45076
7814,5588.9,78314,26.028,288.57,232.04,0.10859
7816,5606.1,78192,39.069,134.23,153,-0.065355
7817,4129.3,77573,26.149,252.07,107.81,0.40084
7818,5366,76156,27.899,641.38,585.2,0.045801
7818,5524.9,77557,31.954,366.22,274.28,0.14354
7819,5841.5,77310,35.915,149.5,151.91,-0.0080126
7820,3812,77147,24.337,553.43,220.35,0.43045
7822,6143.8,77419,34.771,190.88,158.09,0.093965
7823,3430.1,78463,28.506,331.34,172.43,0.31544
7823,3640.6,77288,34.186,553.49,291.73,0.3097
7823,5536.1,75936,32.02,542.31,248.51,0.37152
7824,5528.5,75884,24.265,933.18,534.66,0.27151
7825,5315.5,75838,33.433,359.78,438.73,-0.098868
7826,5499.4,78664,30.324,522.73,312.91,0.25109
7828,3726.5,78345,25.99,379.02,166.56,0.38943
7828,3856.3,77401,19.249,1106.4,691.71,0.2306
7829,3892.9,77447,22.398,483.1,102.99,0.64855
7830,5372.6,75930,37.305,223,309.49,-0.16242
7831,3425.5,78368,32.51,528.55,336.75,0.22166
7831,5318.2,75823,29.114,579.78,636.69,-0.04678
7831,6170.5,77523,34.028,343.41,231.01,0.19568
7835,3661.4,78302,35.113,476.24,276.89,0.2647
7843,3598.1,77628,39.689,353.42,251.66,0.16817
7843,4552.5,76580,34.102,535.6,696.77,-0.13078
7844,4000.8,77793,35.946,576.13,447.01,0.1262
7845,3766.7,77507,31.544,339.28,280.45,0.09493
7847,3494,77572,36.284,523.89,117.16,0.63447
7847,4896.8,76226,31.25,278.92,222.3,0.11297
7848,4767,77964,28.652,908.98,505.7,0.28507
7848,5036.1,76113,33.625,432,257.77,0.25259
7849,4639,78266,35.832,370.75,136.13,0.46286
7849,6355.1,76312,33.841,396.74,362.86,0.044607
7850,5227,75785,27.126,306.45,281.49,0.042448
7851,4590,76900,36.029,776.03,517.15,0.20019
7853,3585.7,75947,33.262,222.67,150.35,0.19386
7853,5257.7,76085,21.642,393.82,198.13,0.3306
7854,5225.5,77111,28.081,272.53,126.84,0.36479
7855,4731.4,76050,30.297,592.19,325.13,0.29113
7855,4951.5,78063,28.565,772.45,594.31,0.13033
7855,5343,76846,30.611,300.14,142.82,0.35516
7856,5710.1,77570,24.745,642.95,469.69,0.15572
7857,5919.3,77495,26.654,704.29,332.98,0.35797
7859,5166.5,77075,33.487,219.68,102.8,0.36244
7860,5268.1,75933,39.733,219.43,103.2,0.36029
7862,5682.6,78128,33.139,162.27,106.06,0.2095
7864,4904.8,76951,28.598,479.49,193.42,0.42512
7872,3857.4,77489,22.58,1395.5,1028.9,0.15121
7872,6396.2,77404,37.306,180.44,169.31,0.031807
7874,5215.3,78458,30.622,279.33,388.49,-0.16345
7874,5441.8,75870,23.808,366.79,514.73,-0.16783
7875,3977.1,76920,29.006,197.41,249.6,-0.11674
7875,4562.6,77767,35.436,465.71,513.52,-0.04882
7875,6047.5,76981,29.231,308.1,145.06,0.35978
7876,3812.4,75935,31.53,453.41,423.28,0.03437
7876,5036.7,77932,30.635,360.98,171.32,0.35632
7876,5365.8,75728,18.784,337.49,161.74,0.35204
7880,5419.9,78561,25.953,376.3,136.95,0.46635
7882,4110.3,77430,36.456,187.8,187.81,-1.6331e-05
7882,4408.5,78287,25.162,492.85,385.87,0.12175
7883,5334.9,76062,27.766,232.15,152.4,0.2074
7884,5311.2,76959,39.611,827.8,675.19,0.10154
7886,3664.7,76973,31.992,206.06,168.27,0.10095
7888,4771.4,77936,33.812,219.24,110.84,0.3284
7889,4718.3,78104,20.725,467.2,181.98,0.43935
7896,4782.5,78338,34.543,811.46,390.19,0.35057
7897,4324.8,75743,27.392,276.06,199.07,0.16204
7897,4614.1,78122,29.765,354.33,124.02,0.48148
7900,5017.4,76943,32.336,372.32,116.31,0.52395
7901,4609,76723,33.965,274.76,119.88,0.39247
7901,5793.7,75752,34.395,225.29,179.17,0.11401
7902,4575.4,76571,28.686,290.82,181.45,0.23158
7903,4919.4,78530,27.909,483.65,274.98,0.27507
7904,5665.2,78129,34.612,383.13,301.58,0.1191
7905,3780.8,76013,35.812,227.94,229.12,-0.0025675
7905,5343.1,78496,25.328,685.97,377.72,0.28979
7906,5336.6,75882,27.941,313.81,344.72,-0.046941
7908,4174.6,76146,22.852,614.29,367.72,0.25108
7908,5615.6,77888,33.445,581.04,600.95,-0.016851
7909,4293.7,76186,30.444,425.86,173.64,0.42071
7909,5506,75807,23.763,905.33,952.81,-0.025553
7910,3788.8,77512,23.752,559.48,449.74,0.10873
7910,3845.3,78011,36.957,397.76,414.4,-0.020486
7911,5145.8,78522,32.553,355.24,318,0.055315
7911,5437.3,75805,29.223,426.97,212.25,0.33591
7911,5665.3,78148,32.993,381.7,389.65,-0.010308
7912,4393.3,76624,24.049,765.47,546.09,0.16727
7912,4476.1,76218,27.626,580.07,301.33,0.31624
7913,3708.7,77255,26.977,707.99,296.46,0.4097
7913,4440.9,76352,29.926,405.51,160.77,0.4322
7914,6289.1,77401,38.65,179.16,202.41,-0.060942
7915,3713.2,75844,21.218,679.63,391.8,0.26864
7915,3812.6,77484,31.562,503.85,179.83,0.47394
7915,4571,78427,30.03,672.1,278.45,0.41413
7915,4905.8,76500,33.551,200.08,129.15,0.21544
7915,5229.8,75912,33.537,130.2,249.64,-0.31444
7916,3570,75729,23.811,565.98,321.02,0.27616
7917,5074.2,76519,37.501,248.61,253.9,-0.01054
7917,5781.9,76852,37.398,267.39,213.92,0.11108
7919,3492.7,76688,38.82,301.61,234.9,0.12434
7920,4701.4,78294,22.05,434.16,169.73,0.43788
7920,5632.4,76169,30.496,252.06,224.61,0.05757
7921,4209.2,77425,37.618,447.42,283.91,0.22357
7921,5479.5,76105,36.215,123.36,198.55,-0.23355
7923,5569,76668,28.078,241.51,146.41,0.24516
7924,5432.2,75965,16.151,1368.5,772.03,0.27866
7926,5245.8,76334,36.946,427.77,255.53,0.25208
7928,4006.1,77515,31.834,250.59,498.28,-0.33076
7928,4878.3,78182,23.221,523.27,128.96,0.60455
7930,4687.1,76716,36.829,290.89,280.68,0.017856
7930,4927.7,78259,18.311,929.18,354.04,0.44821
7932,5015,78215,18.215,536.21,148.58,0.56605
7933,5360.6,75981,36.505,257.22,208.81,0.10389
7934,5597.4,76123,35.378,501.71,417.79,0.09127
7936,5030.6,78202,26.241,797.41,436.25,0.29276
7936,5457.8,76205,17.266,673.97,624.37,0.038205
7937,4943.5,78169,17.828,520.06,140.31,0.57505
7937,5489.4,76234,26.355,671.48,436.63,0.21194
7938,4735.9,76769,39.205,558.63,538.31,0.018521
7938,5575,76240,42.046,501.54,525.68,-0.023493
7939,4792.9,76403,34.406,648.39,550.29,0.081834
7939,4808.5,78071,20.012,350.06,120.72,0.48715
7939,5638.9,76136,27.602,836.74,744.35,0.058433
7940,5568.5,76144,16.684,766.12,449.71,0.26024
7941,4936.7,78038,25.361,704.03,275.13,0.43804
7941,5535,76051,20.143,844.11,568.76,0.19489
7942,5448.5,76008,19.727,810.29,577.07,0.1681
7943,5005.6,77939,28.343,467.91,221.98,0.35648
7943,5500.4,75867,31.083,790.54,540.1,0.18821
7944,5067.9,77966,23.722,463.14,201.42,0.39382
7945,5222,78144,26.139,516.72,167.71,0.50994
7945,5449.4,75826,20.435,848.01,671.32,0.1163
7946,5471.3,75890,16.736,1025.7,677.12,0.20469
7946,5872.4,77519,36.81,416.79,207.76,0.3347
7947,5387.1,75910,18.254,869.09,588.47,0.19253
7948,5415.6,75906,18.17,834.64,477.02,0.27265
7949,5373.9,76015,22.117,615.94,420.74,0.1883
7949,6140.4,76594,36.95,366.3,149.53,0.42023
7950,4565.6,76224,28.458,431.07,285.23,0.2036
7951,5399.5,75778,22.283,978.11,646.86,0.20385
7952,4060.2,77629,34.018,429.03,325.65,0.13698
7953,4856.3,76593,35.103,569.5,196.3,0.48733
7953,5566.6,76084,21.135,501.95,331.57,0.20441
7954,4323,76395,30.234,174.19,154.48,0.059953
7957,5043.2,76327,36.586,213.63,115.19,0.2994
7960,5658,77870,29.11,350.28,197.63,0.27861
7963,3671.1,77262,36.8,476.73,297.94,0.23079
7963,4950.2,76520,31.741,336.48,219.1,0.21127
7964,4848.5,76341,19.401,389.89,510.2,-0.13367
7965,4502.9,77937,29.775,267.2,125.31,0.3615
7965,4860.9,76368,31.7,365.85,337.19,0.040762
7966,4788.7,76295,20.682,439.81,373.64,0.081345
7967,4234.2,77388,31.823,663.85,529.98,0.11213
7967,4844.1,76331,18.607,464.37,392.81,0.083487
7968,3951.3,77413,37.196,246.58,156.32,0.22402
7968,5855.2,77852,39.298,129.37,150.68,-0.076115
7970,4106.5,77646,12.831,878.72,340.84,0.44104
7970,4841.3,76506,26.78,219.11,193.97,0.06086
7971,4100.4,77617,11.7,580.14,125.18,0.64505
7971,4666.6,76448,38.423,849.44,795.65,0.032699
7971,4812.2,76499,28.466,940.29,815.41,0.071128
7972,4125.4,77650,15.334,814.27,118.28,0.74633
7972,4900.6,76474,20.841,829.83,712.13,0.076327
7974,4089.4,77664,11.903,776.55,119.46,0.73336
7977,4929.2,76417,18.018,759.84,455.46,0.25046
7979,4817.5,76356,25.745,735.85,669.6,0.047143
7981,4725.5,76495,36.194,352.02,426.6,-0.095777
7982,4097.1,77615,13.771,501.66,170.7,0.49224
7983,5597.9,75923,28.503,417.18,351.74,0.0851
7986,5327.8,76739,31.905,281.87,137.51,0.34423
7986,5711.2,78110,23.239,467.62,207.09,0.38615
7987,5751.6,78197,30.588,589.77,310.44,0.31029
7989,4485.5,77013,37.706,228.64,104.69,0.37187
7989,5435.5,75904,36.77,581.17,396.96,0.18833
7992,3727.8,75733,26.76,533.22,982.95,-0.29663
7992,6101.8,77530,35.822,330.82,228.14,0.18369
7994,6222,77820,35.51,248.65,132.68,0.30414
7995,5862.6,75819,30.246,273.96,100.76,0.46221
7996,3904.4,75861,24.632,677.33,148.49,0.64039
7997,3883.7,76031,25.444,446.1,370.59,0.092467
7997,5564.6,78547,34.915,678.75,507.98,0.1439
8000,5668.9,78107,37.774,294.13,204.44,0.17991
8001,5795.1,78192,27.827,295.3,307.06,-0.019533
8002,5726,78216,18.964,334.72,133.95,0.42839
8003,5634.4,76563,32.512,787.05,498.06,0.22487
8004,5575.2,78702,30.151,1263.7,656.16,0.31646
8009,4066.7,75971,35.362,532.48,353.09,0.20257
8009,5072.2,78594,28.402,529.9,296.95,0.28173
8009,5528,75939,36.063,391.18,177.65,0.37539
8010,4764.5,76349,26.695,983.73,625.33,0.22274
8010,5137.4,78505,15.152,1160.8,633.41,0.29395
8011,4428.3,75785,35.048,344.72,274.1,0.11412
8012,5291.6,78592,26.482,237.76,108.66,0.37265
8016,5249.9,75907,31.383,378.84,309.07,0.10143
8017,5936,76690,31.875,336.65,274.09,0.10243
8018,6001.9,76721,32.022,284.3,342.8,-0.093283
8019,5357.8,76751,34.524,208.01,220.28,-0.028646
8022,5649.5,76567,31.425,360.55,473.54,-0.13547
8027,5797.2,76785,32.094,455.33,212.36,0.3639
8028,4597.1,75873,24.212,442.84,273.02,0.23722
8029,4949,78109,36.444,685.94,502.68,0.15418
8033,4974.6,76428,33.109,397.4,161.7,0.42158
8034,5724.4,77768,31.621,329.07,303.96,0.039668
8036,6411.1,76207,37.563,344.4,226.59,0.20632
8037,5410.3,78724,38.558,542.83,235.78,0.39436
8038,4143.2,77433,38.826,464.82,436.65,0.031247
8040,6084.5,77464,32.533,239.98,188.42,0.12037
8043,5660.1,75971,27.359,851.66,669.3,0.11989
8044,5509.5,76153,15.881,636.08,325.96,0.32235
8045,5478.7,76006,20.435,797.18,504.66,0.2247
8046,5492.3,76004,31.755,595.4,367.34,0.23689
8049,5709,75918,24.497,271.85,213.38,0.1205
8051,4339,77614,34.655,345.32,260.33,0.14032
8051,4751.3,76320,30.61,472.73,298.46,0.22598
8051,4812.2,75811,34.481,323.24,186.49,0.26829
8052,5410.5,76176,28.171,739.03,552.47,0.14445
8053,5401,76017,30.028,542.33,397.22,0.15445
8055,5295.2,75978,24.611,344.81,267.91,0.1255
8056,5316.2,75986,27.201,470.27,435.68,0.038187
8057,5409.9,75802,20.665,605.41,310.5,0.32199
8058,3819,77302,31.053,412.82,382.19,0.038528
8058,4763.9,76331,24.947,446.56,150.94,0.49475
8058,5723,77753,38.58,204.16,189.03,0.038485
8059,4747,76409,37.658,461.18,354.21,0.13119
8059,5417.4,75743,22.057,387.34,217.8,0.28017
8066,4798.1,76654,39.055,213.13,232.22,-0.042867
8066,4925.8,77733,36.975,199.28,103.82,0.31492
8066,5145.4,78558,33.098,440.1,294.91,0.19754
8066,5419.6,76721,32.967,314.25,218.47,0.17979
8067,5492.4,77272,29.049,442.08,370.08,0.088648
8071,5537.3,77889,34.708,299.93,230.32,0.13129
8077,6172,77655,33.722,589.21,398.09,0.19358
8078,6274,76435,35.171,371.36,391.1,-0.025881
8078,6333.3,77469,35.622,1040,800.04,0.13041
8079,3812.6,77518,34.321,309.79,225.31,0.15787
8080,4520,78236,33.709,529.81,235.76,0.38409
8080,6217.1,77506,33.123,513.5,320.69,0.23114
8082,3507.9,75983,36.254,308.8,113.42,0.46274
8083,3735.3,75857,29.17,632.91,404.55,0.22012
8084,4558.7,78314,29.108,347.79,312.97,0.052699
8084,5720.5,77824,32.852,459.37,344.55,0.14283
8085,3757.2,75906,25.367,632.36,463.5,0.15409
8086,3674.7,75959,27.846,678.88,561.7,0.094459
8086,6342.5,76404,24.059,188.56,129.9,0.18421
8087,4238.6,76105,26.618,451.69,235.11,0.31535
8087,5310.8,75938,24.455,763.84,358.53,0.36112
8088,5522.4,75906,23.804,378.46,182.91,0.34834
8089,5620.1,75813,19.85,441.61,297.79,0.1945
8090,5614.6,75748,25.36,1226.6,1172.4,0.022604
8090,5705.9,75768,22.854,1056,987.99,0.033281
8091,5205.9,76993,32.124,323.17,319.55,0.0056364
8092,4886.8,76332,29.803,249.76,146.04,0.26205
8093,4223.6,76309,35.006,758.03,306.15,0.42462
8094,4839.6,76351,29.467,1213.7,777.39,0.21914
8095,4736,76370,28.527,780.78,487.14,0.23159
8095,6340.5,75854,31.953,194.95,607.03,-0.51383
8096,4303.9,76468,28.568,342.86,202.11,0.25828
8096,5072.6,77010,25.677,496.51,240.57,0.34723
8096,5318.9,75761,19.704,523.4,471.62,0.05203
8097,5523.3,75864,37.025,772.12,797.04,-0.015881
8098,4868.2,76161,35.365,564.28,362.51,0.21772
8100,5146.9,75980,35.729,216.52,140.36,0.21342
8102,3615.1,75729,33.21,361.11,323.87,0.054361
8102,5878.3,76868,28.577,454.83,451.5,0.0036717
8104,4895.8,76332,18.926,381.44,275.13,0.16192
8105,4804.9,76399,42.263,430.51,351.96,0.10038
8106,3776,77469,33.576,228.13,148.86,0.21028
8106,3902.4,78234,29.33,430.12,271.94,0.22532
8107,3896.6,77043,33.826,237.36,220.02,0.037921
8107,5819.6,76706,32.952,188.46,110.17,0.26217
8108,5726.1,77918,35.227,711.7,270.11,0.44977
8108,6354.9,76320,32.269,446.15,563.9,-0.11658
8109,4928.7,77883,35.136,427.33,149.08,0.48273
8109,5452.8,77586,33.297,368.18,242.99,0.20483
8111,5036.1,77222,28.032,241.6,224.08,0.037628
8111,5420.4,75941,33.895,254.68,116.67,0.37164
8112,6189.9,77448,23.485,525.32,297.4,0.27703
8113,5182.1,77120,24.712,507.23,536.68,-0.028213
8113,5629.1,75876,28.375,930.32,719.81,0.12757
8114,5436.6,76031,18.233,360.14,270.49,0.14214
8118,3580.1,75836,34.847,232.11,204.72,0.062704
8120,4882.1,77074,34.207,381.19,166.17,0.39284
8121,5154.1,78509,38.113,363.76,194.75,0.3026
8125,4794,78721,31.369,448.59,352.86,0.11945
8128,4326.3,76296,36.129,357.88,168.76,0.3591
8128,4818.1,78384,33.64,276.88,112.74,0.42129
8132,4043.6,77541,34.528,293.91,259.1,0.062938
8135,3743.4,77517,28.855,283.35,152.67,0.29973
8140,5462.9,76999,34.323,465.43,357.87,0.13066
8142,4529.4,75971,31.203,660.74,197.12,0.54043
8143,3653.9,78155,27.894,193.04,148.55,0.13024
8143,5525.6,78720,25.731,544.99,193.49,0.47598
8146,3944.5,78271,26.856,211.25,118.73,0.28039
8150,4943,78219,37.773,768.75,540.17,0.17463
8150,6313.7,77494,31.432,330.09,256.42,0.1256
8152,4522.1,78261,27.494,924.15,827.67,0.055077
8152,6137.3,77407,30.754,333.23,226.28,0.19114
8153,4630.4,78265,32.914,370.59,267.44,0.16166
8154,4669.6,78322,33.16,543.94,374.24,0.18482
8155,5459.6,75754,20.864,556.16,319.25,0.27063
8156,4273.7,78697,28.33,528.13,397.23,0.14146
8156,4850.8,76401,40.887,419.61,556.94,-0.14062
8156,5534.4,75828,28.898,437.33,433.31,0.0046204
8156,5692.3,78291,34.292,234.55,129.59,0.28825
8158,5131.5,78622,34.423,823.88,737.97,0.055007
8161,6082.1,76500,34.875,371.23,152.27,0.41828
8162,3877.9,77382,21.642,657.98,334.27,0.32624
8164,5306.5,78178,33.027,415.31,170.08,0.41892
8164,5755.6,77628,35.256,309.12,373.97,-0.094929
8166,3980.4,77629,34.936,497.09,399.51,0.10884
8166,5379.8,75842,23.937,785.36,789.63,-0.0027068
8166,5628.3,78159,31.733,222.15,304.04,-0.15563
8167,4549,78387,29.505,555.97,480.45,0.072866
8167,5491.5,75770,17.513,610.16,403.58,0.20378
8168,4718.4,78685,39.095,279.2,211.31,0.13841
8168,6097.3,76332,29.296,645.22,603.24,0.033621
8169,4547.9,78054,38.648,158.16,141.05,0.057201
8170,5384.5,75952,22.539,523.15,136.76,0.58553
8172,3889.5,77306,25.422,574.87,378.44,0.20606
8176,3753.8,75905,32.46,465.46,346.4,0.14665
8176,3794.6,77883,33.888,261.47,159.23,0.24304
8176,5336.4,75728,25.582,371.55,215.46,0.26592
8177,3679.4,75960,24.673,374.11,265.1,0.17054
8177,3933.8,78346,25.77,373.59,275.02,0.15198
8178,3764.8,76065,28.445,309.88,144.43,0.36417
8181,4516.2,78582,39.916,135.89,161.47,-0.086041
8182,4343.6,77075,34.743,632.5,530.42,0.087776
8183,5534.7,76753,30.586,355.79,224.13,0.22702
8184,3863.6,77581,35.894,567.11,378.03,0.20006
8185,4359.8,77562,25.61,241.15,177.47,0.15211
8187,3455.7,78431,34.555,339.54,189,0.28482
8188,3709.8,76950,34.536,263.62,235.05,0.057293
8188,5524.4,75840,34.99,168.81,119.76,0.16997
8189,3999,78380,26.026,348.77,301.64,0.072469
8189,5601.5,78208,30.93,221.31,131.88,0.2532
8190,3765.7,77340,23.302,347.96,163.64,0.36029
8190,4135.1,76361,30.44,176.62,116.4,0.20553
8190,5307.5,78545,27.727,280.49,148.08,0.30897
8190,6130.7,77473,35.968,313.98,189.56,0.24708
8191,3672.5,77560,32.092,244,122.62,0.33107
8195,3910.1,78127,33.203,557.49,564.66,-0.0063905
8197,4058.8,76264,32.004,417.94,259.94,0.23307
8197,5639,78220,27.345,229.29,149.34,0.21115
8198,5638.9,78138,23.492,586.67,465.48,0.11518
8200,4914.5,76305,29.99,497.55,290.66,0.26248
8201,5326.6,78624,20.238,732.92,382.48,0.31418
8203,3783.5,77451,32.629,521.34,302.15,0.26617
8203,5916.7,75859,37.255,257.55,156.4,0.24434
8204,4590.6,77721,38.416,435.92,205.63,0.35895
8204,4698.1,76073,33.448,493.45,122.32,0.60271
8205,4672.4,75829,29.512,615.37,378.27,0.23862
8206,5620.8,78205,20.283,346.36,187.15,0.29841
8209,5364.2,75806,31.068,518.8,423.78,0.10081
8211,3746.9,77336,24.159,641.65,677.56,-0.027226
8212,5381.9,75859,32.721,353.68,330.6,0.033735
8213,5905.6,75949,33.018,807.04,659.87,0.10033
8213,6214.7,77479,32.581,318.42,134.7,0.40546
8214,5622.4,76060,25.633,286.16,260.98,0.046025
8215,5249.2,78561,28.898,598.05,501.33,0.087973
8215,5493.6,76062,29.335,366.72,269.14,0.15347
8216,5545,75972,25.995,698.46,687.21,0.0081231
8217,3737,77260,26.264,439.54,186.72,0.40371
8217,5451.7,75742,23.571,879.67,565.18,0.21766
8217,5476.4,75929,33.033,819.76,575.49,0.17507
8218,5409.1,75983,33.945,576.42,667.45,-0.073179
8219,5497.5,75855,32.127,323.32,143.65,0.38477
8220,5631.2,78156,37.786,422.39,345.51,0.10012
8221,4203,76435,13.268,754.45,192.47,0.59349
8221,5569.7,75897,24.426,307.74,224.56,0.15626
8222,3692.3,77003,27.927,263.1,260.71,0.0045637
8222,4296.4,76478,14.655,1613.2,643.25,0.42985
8222,5443.2,75863,24.768,613.63,182.64,0.54127
8222,5587.8,78215,31.625,252.43,258.91,-0.01266
8222,6156,77527,31.772,314.62,115.17,0.46406
8223,5625,75808,24.403,272.23,278.7,-0.011743
8224,3995.9,75858,28.367,539.24,278.76,0.31843
8224,5371.4,77048,36.549,264.96,157.4,0.25466
8224,5270.7,78672,29.104,307.56,116.27,0.45136
8225,3607.5,77301,37.322,685.29,566.79,0.094643
8226,3715.9,76948,38.378,607.55,569.6,0.032244
8227,5417.9,78678,29.317,183.93,139.71,0.13663
8228,5255.9,78551,34.251,284.42,143.99,0.32778
8229,4596.6,76874,36.038,486.44,314.96,0.21398
8230,3659.9,77091,37.107,144.31,248.52,-0.26526
8230,4072.6,78490,28.544,324.78,127.77,0.43534
8230,5220.9,78655,29.288,262.53,231.17,0.063528
8231,5096.1,78638,32.26,213.79,136.42,0.22091
8232,4867.6,76515,31.008,585.91,252.61,0.39748
8233,3683.3,75902,26.142,325.33,104,0.51554
8234,6238.9,77432,29.511,220.77,121.95,0.28834
8235,3524.7,77585,33.723,156.59,141.18,0.051754
8237,5482.1,75990,25.244,511.82,249.34,0.34484
8237,5988.5,76421,39.649,450.46,167.43,0.45807
8238,3722.5,75828,26.506,402.36,176.54,0.39007
8238,5542.8,75935,35.259,299.28,230.84,0.1291
8239,3701.6,77346,33.548,113.74,117.52,-0.016322
8239,5804.2,76801,38.35,252.97,120.69,0.354
8241,4876.8,76814,30.488,332.49,158.56,0.35421
8242,5617.2,75902,29.545,254.06,467.33,-0.29564
8243,3698.4,75996,29.931,317.6,283,0.057614
8243,4590.9,77124,40.706,246.46,250.68,-0.0084934
8243,5485.8,75910,23.148,260.99,170.52,0.20966
8244,5467.9,77642,33.495,579.55,516.27,0.057745
8246,3816.8,78449,38.582,216.2,117.06,0.29747
8246,3900.5,77308,37.186,316.47,106.73,0.49559
8248,5068.8,76534,38.284,451.36,401.27,0.058744
8248,5243.9,78351,32.254,882.47,535.1,0.24505
8249,5429.1,75804,26.88,466.96,281.7,0.24745
8251,5465.5,75739,29.022,753.92,560.76,0.14693
8252,5491.1,78009,49.375,501.63,710.12,-0.17206
8253,3915.6,77542,31.878,466.93,205.59,0.38861
8254,3791.4,75932,36.852,419.25,439.44,-0.023514
8255,3479.4,77701,37.148,168.26,358.99,-0.36176
8255,3894.1,76101,37.574,465.42,291.4,0.22993
8255,4592.4,78303,39.472,815.26,654.83,0.10913
8259,3850,77753,30.252,292.53,224.96,0.13057
8259,4817.8,78233,29.655,255.24,166.34,0.21088
8259,5628.4,75902,29.92,182.62,185.35,-0.0074292
8260,4494.4,78246,37.743,175.91,175.18,0.0021029
8261,4676.9,77272,34.329,348.36,301.8,0.071621
8263,4196.9,76603,32.353,155.1,108.75,0.1757
8263,5256.6,78450,40.825,403.19,370.81,0.041836
8265,5588.1,78142,26.442,156.14,221.52,-0.17313
8269,3869.9,75923,33.564,317.48,184.61,0.26465
8272,4329.7,75868,30.026,328.84,307.62,0.033343
8278,5730.8,77722,33.047,296.79,182.33,0.23891
8284,5478.1,76071,28.47,235.73,162.47,0.18398
8286,4360,78330,25.681,525.02,256.24,0.34404
8288,3629.3,76875,37.387,352.51,195.97,0.28539
8288,4129.2,78138,25.742,420.74,154.87,0.46189
8289,4270.5,77820,35.067,537.87,520.82,0.016105
8290,4163,78391,33.53,341.5,152.89,0.3815
8294,4875.7,78325,34.508,641.93,356.84,0.28544
8298,4630.9,76654,31.038,419.99,225.35,0.30161
8299,4624,76665,37.367,420.89,369.76,0.064663
8299,5274.8,75817,26.654,456.59,343.29,0.14165
8300,3915.8,77204,28.079,714.97,552.03,0.12861
8300,5285.4,75737,30.318,388.68,238.7,0.23906
8300,5599.4,77572,36.182,273.61,184.24,0.1952
8302,3941.5,77437,23.805,863.95,399.8,0.36728
8303,5279.7,78663,31.263,392.14,445.38,-0.06356
8304,5352.3,76881,30.955,352.99,200.21,0.27617
8304,5369.9,75854,27.996,369.48,260.09,0.17375
8306,5124.4,76790,35.32,431.41,247.45,0.27098
8309,5604.3,75838,17.523,461.73,235.53,0.32441
8310,4385.8,77011,33.564,456.23,585.84,-0.12437
8310,5189.5,78400,27.58,455.63,381.63,0.088378
8310,5689.1,75799,25.403,911.79,659.05,0.16089
8311,5654.7,75852,33.04,363.91,339.5,0.034699
8312,5758.2,78198,35.002,270.58,110.56,0.41985
8313,5426.7,76077,34.753,409.08,196.26,0.35156
8313,5720.6,78187,33.475,384.76,177.6,0.36838
8314,3879.6,77420,36.174,313.58,223.28,0.1682
8314,5622.1,75828,25.118,288.84,214.8,0.14702
8315,3792.3,77252,35.26,278.63,101.06,0.46768
8316,5533.9,76005,31.231,475.08,482.96,-0.0082277
8317,5515.3,75891,26.457,544.07,304.84,0.2818
8318,5397.5,76083,27.24,297.86,153.47,0.31991
8318,5437.1,76770,33.087,185.85,184.32,0.0041315
8321,4709.1,76509,31.909,289.14,230.11,0.11369
8321,5925.7,76100,35.658,305.68,184.55,0.24708
8323,5763.3,76492,34.362,404.6,122.08,0.53641
8324,5732.1,75901,30.257,341.3,178.7,0.31269
8326,5313.2,75850,31.242,759.71,1180.3,-0.2168
8329,5451.3,75767,27.021,370.82,400.64,-0.038646
8330,5514.9,75855,36.104,613.11,755.4,-0.10398
8331,5466.2,76036,37.566,259.68,368.65,-0.17342
8332,5379,75803,23.324,201.58,176.73,0.065678
8333,5435.8,75778,16.588,349.85,259.69,0.14791
8337,4139.5,77621,33.224,329.98,206.5,0.23017
8338,3882.5,77449,32.869,648.39,158.37,0.6074
8338,5005.5,76415,32.671,266.26,118.12,0.38541
8340,5586.8,78205,28.34,275.27,130.97,0.35519
8341,4913.3,76448,16.303,386.52,209.79,0.29638
8342,4617.2,76527,42.787,552.72,359.72,0.21152
8343,5429.2,76011,25.744,459.99,133.17,0.55099
8348,5526.1,75763,32.773,473.02,330.34,0.17761
8351,4897.6,76415,25.836,264.31,354.99,-0.14642
8352,3958.2,78125,36.056,270.39,298.85,-0.049989
8352,4807.4,76502,33.982,489.98,434.7,0.059776
8355,4197.4,77899,26.272,547.22,501.05,0.044044
8356,4116.9,77735,36.679,343.83,258.42,0.14182
8356,4518.9,75790,26.586,273.69,194.9,0.16815
8357,4808.2,76894,35.187,291.83,177.11,0.24463
8358,5533.5,78290,28.203,675,351.19,0.31555
8360,5746,75760,31.041,247.01,215.02,0.06924
8364,5566.5,75857,37.018,357.9,304.99,0.079828
8365,4613.8,76727,29.883,441.45,213.26,0.34854
8366,3509.4,78384,32.575,261.79,293.42,-0.056959
8368,3814.4,77470,38.503,244.82,193.22,0.1178
8369,4935.5,76246,24.006,227.46,154.84,0.18998
8371,3425.9,78483,25.796,281.8,166.61,0.25688
8371,4537.9,78250,36.193,218.88,179.5,0.098856
8376,5203.1,78085,40.833,447.68,127.22,0.55741
8377,5210.5,77865,29.99,470.2,389.01,0.094489
8378,4011.9,78257,31.363,668.06,402.62,0.24792
8379,3898.7,78055,22.518,681.98,491.67,0.16215
8381,4023.4,77900,30.297,384.14,309.56,0.10752
8383,3425.7,78466,36.516,244.86,175.91,0.16385
8383,6296.4,77421,34.254,366.75,294.67,0.10898
8385,4951.9,77764,37.929,493.93,338.71,0.18641
8388,4910.9,76215,33.573,393.01,185.87,0.35782
8395,3440.6,78359,34.647,117.1,199.58,-0.26045
8396,3959.8,76047,32.336,503.73,346.34,0.18515
8396,5989.7,77687,33.532,289.3,142.67,0.33945
8398,5911.2,77345,35.736,452.46,621.5,-0.15739
8399,4146.7,75936,37.562,203.72,209.88,-0.014896
8400,5293.5,76994,31.325,511.22,527.61,-0.015783
8401,3550.9,75896,28.225,672.05,598.44,0.057935
8405,5425.6,75756,30.468,347.26,390.44,-0.058533
8406,4968.6,76131,24.813,674.1,469.18,0.17923
8408,5503.1,75865,21.844,394.74,233.62,0.25641
8409,4447.7,77674,28.19,790.79,458.13,0.26636
8413,4984.9,76175,30.875,371.97,149.77,0.42588
8416,5937.6,76636,32.628,342.51,173.17,0.32838
8417,3985.1,78003,26.383,365.28,271.35,0.14754
8418,3922.2,78070,32.501,436.84,678.71,-0.21682
8422,4399.4,77420,39.261,184.34,184.57,-0.00064578
8424,5555.7,75959,31.482,809.63,714.19,0.062628
8424,6391,76266,29.501,551.56,412.14,0.14466
8426,3635.6,76018,41.935,499.41,190.05,0.4487
8432,4685.2,76090,33.906,392.55,332.27,0.083166
8435,5600.3,75879,25.659,416.56,316.9,0.13588
8435,5486.7,77363,34.183,230.53,212.44,0.040835
8436,5359,77152,28.871,246.29,124.3,0.32917
8437,5256.8,78692,28.457,487.98,411.02,0.085604
8437,5751.5,77800,29.643,216.86,314.18,-0.18327
8437,6163.3,76522,28.148,410.4,155.78,0.44973
8438,4354.6,77950,37.954,268.14,149.93,0.28276
8438,4516.1,76104,32.176,329.75,283.66,0.075148
8438,5574.8,76075,21.602,236.02,101.85,0.39709
8438,6003.2,76503,32.9,412.41,251.41,0.24254
8439,5580.1,76027,34.789,225.74,304.96,-0.14928
8440,5437.9,76033,29.82,201.94,210.16,-0.019945
8440,5866.1,77858,34.023,621.82,238.21,0.44605
8441,5230.6,78496,32.805,246.84,177.47,0.1635
8441,5801,77721,33.013,545.87,481.25,0.062919
8442,5209.6,78725,36.713,479.65,359.3,0.14345
8442,6185.4,77497,41.361,392.09,223.46,0.27395
8448,3893.9,77429,31.782,688.85,475.42,0.18332
8448,5886.8,77826,34.74,254.47,143.32,0.27943
8449,5782.6,77907,30.694,171.17,108.03,0.22616
8450,3758.5,77205,29.702,277.06,220,0.1148
8451,4358.1,77142,34.574,295.91,155.48,0.3111
8451,5530,75733,36.621,627.55,504.01,0.10918
8452,3885.1,77316,29.433,347.21,276.14,0.11401
8453,6011.8,77318,35.496,129.22,127.3,0.0074798
8455,3980.8,78174,30.757,396.17,332.36,0.087582
8456,6361.1,77403,34.207,285.05,242.54,0.080577
8462,3950.6,78527,34.704,196.96,110.6,0.28082
8463,5627.5,75838,35.158,813.59,578.1,0.16921
8464,5211.2,78664,36.453,544.85,168.18,0.52826
8465,4719.4,76995,35.896,398.15,285.85,0.16418
8465,5826.2,77623,26.095,290.59,218.06,0.1426
8466,3499.3,75774,37.194,274.72,117.98,0.39914
8471,4379.5,75825,34.274,503.34,348.4,0.18192
8472,3508.8,76637,26.752,643.57,285.06,0.38606
8472,5420,76061,27.572,291.37,176.2,0.24632
8473,3659.5,75999,32.006,691.02,351.27,0.32596
8474,3554.6,75780,30.417,604.25,270.65,0.3813
8474,4869.5,76224,34.996,391.7,271.84,0.18064
8474,5565.3,76021,17.755,356.29,182.88,0.32163
8475,4679.4,76196,23.774,812.7,490.62,0.24712
8475,5433.7,75954,19.272,967.21,767.97,0.11482
8475,6048.7,77364,34.081,210.7,166.78,0.11636
8477,4895,77953,33.086,319.77,373.1,-0.076973
8478,4514.2,75973,33.574,871.5,714.78,0.098798
8479,5212.7,77699,28.1,298.41,180.53,0.24612
8479,5879.1,76007,34.001,259.07,160.74,0.23424
8480,4856.3,76173,25.342,513.09,288.61,0.28001
8482,4336.7,78502,35.251,417.44,356.17,0.079194
8483,4472,78044,15.067,402.25,129.21,0.51375
8484,4603.7,78027,19.639,468.58,166.99,0.47452
8485,4627.4,77957,30.412,477.03,175.26,0.46264
8486,5344.6,78575,35.812,300.24,121.52,0.42373
8487,6229.4,77491,33.06,473.18,157.56,0.50041
8491,5547,75794,29.112,351.95,150.04,0.40222
8494,5166.6,78685,24.979,225.52,112.51,0.33433
8495,4871.4,76323,22.655,465.74,179.39,0.44385
8497,5589.4,75732,31.491,191.75,152.22,0.11493
8498,5097.8,76772,30.016,273.56,160.68,0.25995
8498,5616.5,75792,37.244,420.49,315.61,0.14248
8499,5587.7,75813,28.237,258.08,134.98,0.3132
8500,4438.7,75848,33.69,200.56,141.02,0.17429
8501,4054.5,75967,35.801,282.82,133.65,0.35818
8502,4593.1,76704,27.035,329.72,185.72,0.27937
8502,5190.3,78454,28.201,607.83,331.05,0.29479
8502,5565.1,75732,34.34,536.95,405.92,0.13898
8503,5414.8,75855,22.478,299.75,264.67,0.062163
8504,5344.1,75940,32.345,192.73,188.2,0.011871
8507,4005,78494,33.789,390.84,251.93,0.21611
8507,4969,76224,20.87,667.69,393.51,0.25838
8508,3852.7,76961,31.89,237.73,298.37,-0.1131
8509,4703,76775,39.265,362.88,289.31,0.1128
8510,5499.6,75811,39.938,377.47,184.11,0.3443
8511,5441.2,75745,30.476,462.86,427.09,0.04019
8512,4335.8,77790,30.757,327.25,596.27,-0.29129
8514,5565.3,78194,37.314,225.54,113.45,0.33066
8515,4775.8,78073,32.363,304.5,205.78,0.19346
8515,5613.9,75790,27.234,463.32,181.29,0.43751
8516,5573.3,75750,34.615,547.54,510.2,0.035305
8518,4084.7,78316,34.579,206.07,165.98,0.10775
8519,4022.7,78424,29.247,434.68,316.71,0.157
8520,5308,78622,33.102,403.49,274.82,0.18969
8521,4798.5,76246,26.847,511.54,261.3,0.32379
8521,5651.5,75777,39.514,526.48,472.72,0.053802
8522,4852.5,76174,30.703,740.55,589.99,0.11316
8522,5656.3,75729,30.175,617.41,308.63,0.33344
8523,4665.9,76767,31.928,419.07,164.29,0.43675
8523,5577.1,75796,27.805,348.28,240.36,0.18334
8524,4382,76121,34.02,681.05,382.26,0.281
8525,5092.8,78159,30.608,484.24,458.88,0.026888
8526,6358.9,77511,37.112,194.66,127.65,0.20793
8528,5626,75792,32.641,604.37,479.3,0.11541
8529,5545.4,75806,30.377,563.5,413.55,0.15347
8530,3758,76882,29.168,325.1,188.52,0.26592
8531,5731.7,75916,25.401,613.23,450.17,0.15334
8533,5517.6,75864,21.821,372.21,289.27,0.12539
8534,5680.3,78113,21.429,341.59,316.55,0.038052
8535,5259.1,76713,24.905,497.96,271.48,0.29435
8536,4839.4,78040,33.048,194.7,107.13,0.29012
8538,5378.7,78482,30.023,296.17,189.89,0.21865
8540,6070.4,77430,31.046,147.97,131.33,0.059583
8542,3806.6,77404,37.033,186.59,171.57,0.041942
8545,3841.8,77204,35.051,382.46,203.75,0.30485
8546,3863.4,77209,28.61,543.02,355.67,0.20847
8553,5590.7,75732,32.637,279.68,238.69,0.079077
8555,3430.3,78382,27.068,418.82,505.37,-0.093647
8556,4885.1,78333,39.726,359.2,350.04,0.012902
8556,5540.7,75953,28.842,421,187.58,0.38354
8559,5466.4,75908,20.233,591.79,374.77,0.22453
8562,4114.1,77453,29.997,231.26,293.08,-0.11789
8563,4068.9,77522,36.624,287.75,251.44,0.067357
8563,5326.6,75763,31.546,189.98,113.19,0.25329
8564,4916.7,76114,29.759,260.45,225.85,0.07115
8573,5169.8,76662,30.482,200.44,129.75,0.21409
8575,3907.1,77202,31.985,420.9,834.85,-0.32964
8577,4696.6,76067,29.058,271.29,134.15,0.33826
8577,6189.2,77512,38.405,279.54,253.99,0.047889
8582,5738,75769,24.321,379.5,258.77,0.18915
8584,4530.6,76337,34.587,421.66,326.77,0.12679
8584,5422.3,75768,29.108,604.65,396.68,0.20769
8584,5618.9,78070,29.179,427.76,212.3,0.33662
8585,4175.8,77814,40.333,771.43,585.5,0.13702
8586,5501.7,75746,23.421,426.52,173.75,0.42111
8587,5425.8,75835,28.226,260.72,147.38,0.27772
8588,5520.3,75867,21.39,715.74,521.09,0.15738
8589,5620.1,76050,27.336,707.07,563.83,0.11271
8590,5602.9,75888,20.15,724.8,481.93,0.20126
8590,5915.3,77539,34.928,147.8,154.04,-0.020661
8591,4474.1,76836,24.991,157.63,142.51,0.05037
8591,4618.7,75964,36.235,184.55,178.35,0.017083
8591,5180.7,76931,26.378,243.77,192.83,0.11667
8591,5588.6,75891,30.143,745.16,430.61,0.26753
8592,4737,76108,24.034,519.02,352.35,0.19127
8592,5920.9,76319,33.147,286.34,347,-0.095778
8593,4638,76176,33.614,247.51,179.96,0.15802
8593,4835.3,76586,36.448,458.97,269.11,0.26076
8595,4819.1,76285,27.919,286.56,147.01,0.32185
8596,4514.3,77054,28.044,412.93,295.38,0.16596
8597,4839.1,76173,28.481,585.07,309.02,0.30875
8598,4132.4,78304,37.566,239.68,237.82,0.0038994
8598,4803.3,76112,37.412,498.85,241.41,0.34778
8598,5229.2,76982,24.698,482.7,191.22,0.43253
8599,5538.4,77706,32.55,589.2,379.19,0.21686
8604,4468.6,76822,33.362,144.94,104.31,0.163
8605,4470.7,76938,29.804,275.97,192.99,0.17695
8605,6404.8,76106,37.516,240.85,185.3,0.13036
8606,3951.3,75749,17.995,661.85,638.54,0.017928
8607,5710.4,75764,28.63,114.53,136.62,-0.087946
8609,5074,78546,33.96,606.33,385.64,0.22248
8610,5514.5,78249,32.493,613.51,321.98,0.31163
8612,4392.3,76059,25.767,477,352.4,0.15023
8613,5118.7,78362,29.645,515.29,268.52,0.31482
8614,5712.4,75734,34.735,329.77,127.81,0.44137
8615,5665.5,75768,23.609,509.87,401.83,0.11851
8616,5580.7,75799,38.413,537.69,103.03,0.67839
8617,5797.4,75781,22.351,409.34,159.87,0.43828
8619,3903.3,77989,36.957,254.86,189.58,0.14687
8619,5067.4,77934,30.647,245.2,111.28,0.37568
8619,5700.2,75917,37.282,165.03,102.18,0.23523
8623,5661.5,75782,26.998,515.57,411.22,0.1126
8626,3426.4,78355,35.538,661.89,398.92,0.2479
8626,3845.6,75920,27.479,412.37,254.92,0.23594
8627,3804.3,75874,38.937,155.67,212.28,-0.15384
8629,3569.3,75820,33.122,357.72,182.65,0.32399
8629,3731.5,75876,33.971,607.21,416.66,0.18611
8633,4194.8,76370,38.386,136.11,130.14,0.02245
8637,4931.6,77093,34.942,336.1,370.03,-0.048043
8639,4121.6,77344,32.779,559.8,100.65,0.6952
8640,4299.1,77415,25.815,810.48,581.04,0.16488
8641,5566.8,77770,31.425,292.88,181.63,0.23446
8645,5126,77908,37.971,170.65,152.61,0.055826
8647,4862.7,76286,21.081,469.32,252.24,0.30084
8651,3847.3,75760,27.586,460.36,472.54,-0.013061
8651,3986.9,77110,35.477,287.1,251.25,0.066582
8651,4864.7,76154,33.918,626.59,599.27,0.022287
8653,4875.3,76148,25.055,407.32,249.67,0.23997
8655,5143.5,78563,32.511,384.14,283.99,0.14989
8656,4194.1,77379,23.958,1176.1,674.68,0.27094
8657,5568,75745,37.333,231.34,174.37,0.14042
8658,6048,77370,33.314,281.62,124.19,0.38795
8661,4076.6,77222,32.734,374.83,298.98,0.11257
8661,4982.1,76674,31.618,207.49,100.42,0.34771
8662,5571.7,75756,35.349,294.7,250.76,0.080558
8665,5325.4,78559,32.708,284.63,225.23,0.1165
8667,4859,77245,36.113,469.98,217.9,0.36646
8668,4325.4,78527,38.728,319.85,149.26,0.36365
8668,5452.9,75873,41.139,641.62,390.86,0.24287
8670,5107.1,77064,29.719,301.18,421.11,-0.16604
8671,5691.4,78023,36.288,364.71,331.05,0.04839
8671,5718.9,77856,36.875,269.96,201.51,0.14517
8672,3785.6,75790,31.486,964.92,678.52,0.17427
8673,5474.5,75931,39.19,236.51,234.25,0.0047938
8674,5541.8,76016,23.679,197.35,108.18,0.29183
8675,5201.8,77000,37.053,241.5,143.87,0.25333
8675,5496.1,75933,22.737,533.56,291.64,0.29317
8675,5536.2,78651,31.738,247.43,149.64,0.24628
8676,3544.3,75901,32.52,331.18,222.43,0.19645
8677,5427.2,76978,30.422,140.73,118.27,0.086713
8677,5481.8,75799,25.223,463.17,514.29,-0.052302
8677,5646.2,77906,32.426,167.89,191.19,-0.064881
8678,5705.3,77064,31.976,212,147.69,0.17881
8681,3734.8,77294,37.233,269.11,224.98,0.089312
8681,4079.6,78432,34.27,218.95,161.77,0.15019
8683,5613.7,76932,33.718,528.98,437.74,0.09438
8685,5625.2,75831,25.57,374.08,134.13,0.47216
8687,5573.5,75745,24.396,395.34,121.49,0.52985
8688,5619.7,78058,35.862,371,268.99,0.15939
8691,5622.7,78060,32.717,315.96,380.12,-0.092176
8695,5200.7,78527,32.729,421.42,311.04,0.15069
8698,5358.2,78491,22.707,241.6,138.04,0.27278
8699,5266.1,78570,33.192,582.13,396.68,0.18947
8699,5810.9,75782,22.397,423.22,144.84,0.49006
8701,4271,76110,35.722,536.37,914.78,-0.26077
8703,5661.3,78695,29.157,467.71,279.12,0.25253
8706,5682.6,75732,31.515,389.32,301.22,0.12758
8708,5597.8,75881,25.748,747.19,336.23,0.37931
8709,5639.6,75783,23.612,422.84,256.22,0.24537
8710,5573.1,75827,19.691,507.08,247.46,0.34408
8711,5602.9,75904,23.303,426.72,309.91,0.15858
8712,5522.3,75971,30.584,245.72,187.87,0.13343
8713,5576.4,75972,31.255,418.82,101.37,0.61027
8715,5333.7,77792,27.779,199.94,110.69,0.28734
8716,5672.4,75877,33.526,540.81,460.48,0.080225
8717,3706.6,76235,31.595,386.5,257.67,0.19999
8722,5053.6,78475,32.038,347.7,213.43,0.23929
8722,5705.9,75744,38.12,214.48,213.74,0.0017433
8723,4399.5,75987,39.174,802.81,328.16,0.41969
8724,5489.5,75752,36.054,580.12,421.71,0.15812
8724,6088.8,77454,37.298,281.43,186.01,0.20413
8726,5894.7,78671,34.813,527.67,447.08,0.08267
8728,3723.9,75894,20.825,516.16,138.77,0.57624
8730,5651.5,75813,39.936,251.71,182.18,0.16025
8734,5344.4,76897,33.181,430.17,166.22,0.44258
8734,5638.5,75882,27.959,300.5,153.74,0.32308
8736,5307.3,77967,36.315,416.59,279.22,0.19743
8738,3960.2,77254,35.377,342.27,234.69,0.18646
8738,5260.8,78029,27.896,616.28,266.79,0.39576
8740,3980.2,77732,28.094,373.98,355.12,0.025868
8740,4766,76522,26.429,821.66,602.42,0.15395
8741,4011.5,77834,29.111,166.32,100.42,0.24708
8745,3627.3,75802,37.41,234.64,165.72,0.17214
8745,5394.7,75874,26.263,361.02,180.18,0.33415
8750,4062.5,76144,33.769,240.79,296.66,-0.10396
8751,3716.2,76242,33.425,199.92,115.43,0.26792
8752,5450.8,75730,33.781,170.52,141.37,0.093473
8753,5745,77995,40.442,229.54,161.04,0.17538
8756,5079.8,76155,29.89,243.67,170.25,0.17738
8757,4664,76348,26.027,206.28,130.53,0.22489
8762,4192.4,76157,35.347,448.39,592.49,-0.13844
8763,4178.1,76181,36.273,499.77,157.56,0.52061
8765,3956.5,75823,35.644,695.82,589.8,0.082468
8765,5181.1,76992,36.099,453.67,320.64,0.17181
8765,6208.5,77326,29.528,317.19,115.89,0.46482
8767,4313.2,76636,35.158,266.48,206.36,0.12716
8768,5764.5,78018,33.578,253.27,111.83,0.38738
8770,5326,78716,26.635,888.75,751.09,0.083947
8771,4942,76189,24.454,267.97,101.37,0.45107
8773,4299.8,77535,33.591,402.48,343.47,0.079109
8774,5442.4,78628,30.65,397.97,346.09,0.069726
8776,5109.9,78283,36.974,107.61,108.62,-0.0046537
8778,4090.9,75927,30.975,637.19,188.77,0.54291
8782,4379.9,77163,37.465,144.25,109.56,0.13667
8782,4849.2,77944,38.115,189.96,171.65,0.050651
8784,4043,78615,34.422,328.19,181.26,0.28842
8785,4045.1,75748,33.131,226.22,105.56,0.36366
8787,3931.1,77865,38.277,187.91,145.26,0.128
8790,5505.8,75863,34.315,380.65,408.78,-0.035635
8792,3806.6,77327,35.693,596.07,148.39,0.60135
8792,5691.9,75793,37.567,839.09,726.25,0.072091
8793,5037.7,76223,29.73,185.7,185.53,0.00046205
8793,6228.7,75754,29.317,220.45,224.58,-0.0092758
8794,5674.6,75762,18.163,509.77,368.91,0.16031
8795,5696.9,75779,25.341,397.17,376.12,0.027231
8796,5788.9,75901,33.517,239.28,187.21,0.12209
8798,4155.9,77507,32.051,541.66,450.64,0.091727
8798,4684.8,76550,34.051,371.62,321.25,0.072694
8800,5531.2,78723,29.784,793.55,592.02,0.14545
8801,5478.7,75816,32.763,529.43,246.91,0.36391
8801,5635.1,77851,34.619,161.93,145.32,0.054088
8803,3429.1,78485,30.006,256.28,199.33,0.12502
8804,5532.1,78309,33.948,700.94,479.29,0.1878
8805,4223.8,75842,38.498,245.78,236.92,0.018346
8806,3870.3,77193,24.717,286.43,202.42,0.17186
8807,5643.5,75769,30.008,467.02,475.42,-0.0089202
8807,6089.3,76589,40.751,314.82,235.86,0.14339
8808,5250.2,76720,37.071,340.9,271.23,0.11381
8808,5565.2,75922,29.243,256.57,224.48,0.066712
8808,5685.9,78045,31.047,257.82,173.03,0.19678
8809,5464.9,75894,32.424,404.28,331.2,0.099369
8810,5182,76804,34.975,507.82,290.37,0.27242
8813,5057.3,77560,31.236,231.04,120.56,0.31422
8814,5599.6,75780,21.562,393.95,247.76,0.22782
8816,4775.6,76693,33.682,380.96,263.28,0.18267
8826,4073.4,77680,27.993,370.12,274.46,0.1484
8827,4945.9,76355,37.847,299.78,207.67,0.18151
8828,4972.9,77714,42.865,259.03,246.64,0.024491
8839,3739,76955,20.944,413.74,241.2,0.26345
8840,3673.2,76986,20.171,550.78,119.63,0.64312
8841,3974.4,76996,29.028,428.17,194.08,0.37619
8842,3818.2,77377,37.972,369.01,202.04,0.2924
8843,3883.6,77110,10.509,1376.5,157.74,0.79437
8844,3771.4,77030,12.711,1459.9,170.39,0.79097
8844,4897.2,76053,30.456,487.62,470.42,0.017947
8844,5762.2,75741,26.772,359.42,174.58,0.34615
8845,3871.2,77123,12.861,1254.8,101.41,0.85045
8845,4020.3,78297,27.561,347.21,282.96,0.10196
8846,3768.9,76944,10.538,1314.1,214.99,0.7188
8847,3778.8,76922,9.5467,980.43,175.89,0.69577
8847,5707.4,78135,30.746,212.32,147.27,0.18091
8848,3987.8,76822,8.5772,1103.3,103.14,0.82901
8848,5781,75858,32.98,252.98,155.13,0.23976
8850,3960.8,76811,9.3063,1088.9,254.14,0.62153
8850,5770.2,75777,36.1,359.51,150.59,0.40957
8851,3939.9,76917,12.822,1441.7,487.77,0.49439
8852,3794.8,77003,11.337,1075.8,243.93,0.63032
8852,5626.5,75940,33.911,169.26,118.22,0.17756
8853,4707,78272,32.432,283.45,121.71,0.39921
8855,5160.6,76230,27.932,218.82,109.9,0.33134
8855,5339.4,78629,26.393,661.33,194.11,0.54617
8855,5651.4,78122,31.816,267.59,227.91,0.080072
8857,5598.9,78087,28.803,231.13,256.73,-0.052465
8858,4089.3,77783,34.441,443.05,297.2,0.19703
8858,4872,76041,27.106,331.56,111.66,0.49615
8858,5359.4,78255,26.526,514.07,399.26,0.12571
8858,5565.1,75776,29.49,519.99,381.5,0.15362
8859,4774.2,76274,38.137,464.84,128.42,0.56708
8859,5408.4,78582,32.656,306.67,136.16,0.38503
8859,5793.5,75826,31.875,463.33,113.18,0.60736
8862,4858.3,76098,37.018,539.22,383.91,0.16825
8863,4300.5,75992,35.188,231.18,254.13,-0.047282
8864,3942.3,75888,31.326,166.13,236.03,-0.17381
8866,5653.6,75755,19.598,420.15,336.54,0.1105
8867,5054.7,76659,34.667,278.47,145.6,0.31331
8867,5676,75799,23.649,502.63,538.78,-0.034707
8869,4554.1,75866,31.11,205.79,173.96,0.083808
8870,4631.8,76015,33.117,256.54,193.04,0.14124
8870,6221.3,77508,37.33,377.86,302.81,0.11025
8871,4819,75978,27.581,227.88,164,0.16301
8871,5506.7,75852,25.625,197.04,107.64,0.29341
8872,4474,77771,14.88,524.53,129.04,0.60511
8874,5679.8,75810,28.016,561.13,133.12,0.6165
8874,6147.1,77358,30.148,420.9,298.3,0.17046
8875,5616.5,75865,33.378,287.34,348.98,-0.09687
8876,5651.7,75796,16.478,507.99,335.23,0.20488
8876,5716.4,78703,35.84,148.42,220.55,-0.1955
8878,5688.4,75812,18.678,438.1,420.58,0.020399
8879,3792.1,76652,37.071,160.32,132.09,0.096548
8880,5619.5,75905,21.363,440.65,302.99,0.18512
8881,5598.6,75870,25.314,674.48,510.9,0.13799
8882,4373.2,77679,32.517,303.74,138.34,0.37414
8885,4496.5,76412,36.496,396.52,441.91,-0.05414
8889,5722.1,75822,26.441,211.11,166.96,0.11678
8890,5263.2,78517,22.075,323.51,190.14,0.25965
8891,4251,75760,26.251,606.33,487.41,0.10872
8892,5358.4,78575,24.222,603.48,441.13,0.15542
8892,5766.8,76689,24.026,457.09,406.76,0.058267
8894,3717,76045,21.68,693.39,508.93,0.15342
8894,5529.5,75805,34.797,714.05,228.83,0.51462
8894,5569.7,78144,31.863,775.22,510.04,0.20632
8896,3802.6,76037,34.453,754.2,613.7,0.10272
8896,5591.2,75758,36.398,499.58,310.08,0.23406
8899,5547.7,75743,27.467,376.48,285.31,0.13777
8900,5064.8,77972,36.71,536.52,656.01,-0.1002
8902,5079.5,78017,28.348,280.76,195.01,0.18023
8902,5324.4,75732,33.967,195.28,191.45,0.0099039
8908,4154.1,76491,39.139,226.35,190.78,0.085278
8910,4749.5,76669,18.019,333.8,136.49,0.41956
8911,5451.9,75730,23.587,357.62,320.22,0.055178
8912,4393.3,75970,35.031,511.65,407.77,0.11298
8912,5502.4,75731,35.978,356.71,189.53,0.30606
8913,4505.9,76025,30,330.92,234.89,0.16972
8913,5700.6,78128,38.869,277.62,194.41,0.17629
8914,4538.9,77087,30.879,147.22,158.2,-0.035952
8914,5471.8,75816,30.658,292.71,222.83,0.13556
8915,4624.9,75901,30.001,471.22,173.56,0.46165
8916,5857.3,77700,33.601,427.93,401.84,0.031433
8917,5638.7,75848,26.998,638.49,315.08,0.33916
8921,5300.1,76906,39.969,592.63,358.97,0.24554
8921,5277.7,78637,36.207,350.25,129.84,0.45909
8922,4688.1,78105,28.115,566.69,129.08,0.62895
8922,5716.6,78142,38.229,177.44,167.18,0.029762
8923,4966.7,77997,34.27,1082.6,395.81,0.46455
8924,4608.1,77940,33.017,348.98,254.28,0.15698
8925,4339.3,77190,32.006,295.27,174.3,0.25762
8925,5072.7,78261,35.268,556.36,226.53,0.42131
8926,3455.5,78519,29.202,198.37,102.86,0.31708
8928,3562.9,78522,37.231,149.88,114.15,0.13531
8928,4776.4,77857,30.562,905.11,617.03,0.18926
8929,5743.5,75747,33.452,209.46,169.08,0.10667
8930,4026.3,77662,35.222,419.83,181.04,0.3974
8932,5599.4,78633,29.969,362.18,332.39,0.042886
8947,3923.3,75854,30.448,373.95,254.37,0.19031
8949,4256.5,77387,32.794,452.97,361.45,0.11237
8950,5571.8,75847,28.312,495.9,475.67,0.020824
8954,4166.8,76365,36.499,308.21,283.15,0.042378
8954,5500.5,75883,30.001,370.29,347.92,0.031142
8963,5695,77371,33.446,310.59,202.63,0.21034
8965,5773.2,77809,33.377,381.09,204.98,0.30048
8969,4543.2,76116,31.417,499.91,211.06,0.40628
8973,5313.3,77954,34.523,382.37,209.25,0.29263
8974,5525.5,75731,38.404,170.84,174.72,-0.011225
8982,3916.5,76704,38.755,283.08,214.4,0.13806
8983,3933.4,78144,35.435,232.62,115.89,0.33493
8984,4000.9,78613,38.42,334.01,104.61,0.52301
8985,3829.5,78150,42.604,269.99,196.47,0.15762
8985,5735.1,75728,34.405,266.81,103.51,0.44096
8988,4798.2,77019,27.735,465.13,549.16,-0.082849
8988,5742,75737,38.072,253.38,187.5,0.14942
8989,4515,76131,35.382,285.9,146.29,0.32302
8991,4529.9,76067,31.492,294.48,192.17,0.21023
8996,5078.1,78665,32.925,540.77,222.28,0.41739
8999,3474.1,75978,30.955,449.58,400.28,0.058014
8999,4619.8,76858,32.023,285.5,129.16,0.37704
9000,4526.3,77024,34.419,464.22,339.23,0.15556
9002,3938.6,76975,36.875,385.68,229.45,0.25398
9003,4362.2,77651,25.854,275.26,115.76,0.40789
9004,6031.6,77437,32.209,160.87,157.91,0.0093046
9009,5544.9,75777,28.617,235.15,261.66,-0.053375
9009,5484.8,78599,37.61,171.42,228.38,-0.14248
9010,4397.6,75879,34.711,667.38,517.61,0.12639
9012,6006.9,77414,31.655,194.88,134.11,0.1847
9014,3686.8,75813,39.622,290.56,185.13,0.22163
9014,5657.9,75779,30.28,160.06,203.35,-0.11913
9016,5270.7,78578,24.005,986.58,602.35,0.24181
9018,4322.6,77146,27.263,270.68,192.65,0.16841
9019,4355.5,78075,33.438,291.04,294.03,-0.0051129
9023,4369.4,77092,36.383,542.12,329.61,0.24378
9025,5795.4,75834,33.431,269.27,161.06,0.25147
9026,5627.2,75789,34.236,549.35,498.41,0.048613
9028,4532.3,76157,36.114,418.29,220.84,0.30893
9029,4950.4,77961,28.992,310.87,207.89,0.1985
9032,3991.6,77055,33.307,183.95,112.72,0.24011
9032,4886.4,77947,34.052,380.99,258.4,0.19172
9035,5283.2,78564,33.775,440.13,215.45,0.34272
9037,4094.8,75797,35.813,612.32,391.51,0.21997
9050,5950.1,77555,37.368,257,266.35,-0.017875
9050,6371.7,76025,36.319,240.2,138.12,0.26981
9054,4600.1,77334,38.06,182.34,154.75,0.081844
9055,3730.4,78399,33.29,137.86,139.17,-0.0047289
9055,4977.7,77056,27.807,377.54,258.56,0.18705
9058,5269,76716,33.385,502.88,338.49,0.19538
9059,5689.4,78677,29.957,297.18,137.27,0.36805
9063,4322.3,77689,34.427,179.08,138.82,0.12665
9066,4550.3,76524,39.314,244.55,237.33,0.014978
9071,4857.8,78416,29.624,207.06,161.73,0.12291
9071,5266.6,76894,24.826,384.13,253.33,0.2052
9073,5194.1,78652,34.572,647.45,372.19,0.26995
9075,5098.3,76717,34.218,542.07,397.92,0.15335
9076,3852.3,75732,32.848,594.77,523.37,0.063857
9080,6086.7,77142,37.514,284.05,303.39,-0.032919
9082,4908.1,76081,19.879,442.35,286.74,0.21343
9083,4011.7,77618,25.949,439.04,292.96,0.19955
9083,4986.5,76046,20.783,475.49,191.61,0.42554
9084,3983.1,77620,26.437,615.65,488.39,0.11527
9084,4879,76019,26.567,425.74,198.61,0.36379
9085,4011.1,77606,28.127,457.87,163.36,0.47409
9091,4811.6,77576,32.614,341.39,142.43,0.41124
9092,5373.8,78596,24.823,494.53,263.6,0.30461
9100,4356.1,77303,26.425,274.93,168.09,0.24117
9107,5771,76590,28.537,588.46,320.4,0.29493
9107,5949.5,75847,32.169,610.61,436.33,0.16646
9108,5990.2,75912,37.833,326.79,222.74,0.18934
9110,5770.9,76667,37.375,214.99,153.53,0.16677
9111,3790.4,75794,36.017,457.3,243.22,0.30561
9111,4418.5,77164,35.588,195.32,210.83,-0.038171
9112,4303.5,75853,29.862,883.08,545.83,0.23602
9113,5456.1,75814,33.502,314.35,203.77,0.21343
9116,5817.3,75785,22.198,1083.7,800.8,0.15011
9117,5787.4,75789,16.231,769.83,301.63,0.43697
9120,4989.1,78239,32.199,257.28,145.77,0.27666
9121,5609.3,76776,37.17,376.24,380.79,-0.0060157
9124,3982.6,77626,30.094,182.72,117.06,0.21903
9125,5048.7,76869,32.13,422.76,149.79,0.47677
9126,4754,77076,22.74,590.49,252.88,0.4003
9127,5779.2,75771,33.936,312.61,399.07,-0.12149
9130,4107.3,77536,26.514,715.2,655.73,0.04338
9131,3734.2,76028,37.029,135.83,129.61,0.023463
9133,3797.1,75807,32.495,244.34,207.08,0.082543
9136,4005.9,77708,34.631,220.11,194.57,0.061607
9136,4435.4,76159,36.536,142.4,112.87,0.11568
9141,5636.3,78099,35.749,225.82,118.88,0.31022
9146,5631.4,78101,28.392,329.05,233.15,0.17059
9148,4944.5,77051,32.189,403.67,431.59,-0.033422
9157,5060.2,75998,24.198,206.23,124,0.24898
9164,4391.1,77295,42.338,641.14,499.21,0.12446
9165,4403.9,77196,35.272,454.1,370.45,0.10146
9166,5057.6,76917,32.677,449.3,350.52,0.12351
9170,5164,76619,29.46,243.12,333.18,-0.15627
9178,5063.9,78544,35.591,254.94,235.7,0.039212
9180,4618.1,76162,25.589,510.3,353.78,0.18115
9181,4783,76423,32.422,305.29,175.14,0.2709
9183,4679.2,78394,38.44,151.75,182.29,-0.091403
9183,5494.8,75888,29.479,168.87,109.31,0.21412
9185,6368.3,75867,37.995,228.84,182.01,0.11399
9188,5132.1,76999,35.861,221.6,237.6,-0.034843
9188,5690.1,75817,36.524,314.56,309.39,0.0082729
9190,3888,76782,35.483,239.86,246.86,-0.014374
9191,5547.6,75813,29.166,484.21,408.56,0.084735
9192,4522.9,77013,30.99,416.48,307.68,0.15024
9193,4884,77949,31.946,580.62,187.54,0.51171
9194,4301.6,77033,33.153,343.23,179.57,0.31305
9195,4615.7,77169,35.734,480.15,368.26,0.13188
9199,4097,75939,26.269,377.36,242.12,0.21831
9205,3787.3,78233,33.073,284.85,208.25,0.15533
9205,5022,76714,37.342,578.05,225.65,0.43847
9205,4926.9,77921,36.033,288.07,230.3,0.11143
9207,4702.1,77990,25.827,261.21,157.5,0.24769
9207,5115.3,76910,23.999,495.2,154.56,0.52425
9208,5567.4,75914,37.888,389.27,288.95,0.14791
9209,5467.9,76005,32.553,144.96,138.44,0.023009
9211,3944.1,75960,33.18,435.11,257.19,0.25701
9211,5203.4,78538,34.884,557.18,571.23,-0.012452
9212,5473.9,75764,29.151,179.28,119.92,0.19842
9218,4353.3,77136,27.191,879.16,590.17,0.19668
9219,4335,75766,33.947,682.3,394.13,0.26771
9219,4826.6,76448,37.746,574.56,314.14,0.29304
9219,5771.7,77960,37.441,148.48,128.86,0.070761
9223,3865.3,77507,34.358,199.15,170.39,0.077834
9223,4755.6,76014,31.518,446.5,139.2,0.52467
9225,5035.7,76062,28.703,274.99,240.63,0.066654
9225,5420.1,78666,21.742,874.83,955.37,-0.044006
9226,5018.3,76067,21.942,400.36,289.06,0.16143
9227,5514.8,78486,33.236,337.93,188.51,0.28383
9227,6388.8,77258,38.745,378.46,285.99,0.13916
9230,4935.8,78121,28.433,233.09,137.4,0.25826
9230,5710.6,78024,38.654,260.8,259.53,0.0024556
9231,5701.2,78031,27.014,261.55,198.01,0.13826
9235,5181.7,78503,28.182,302.1,221.02,0.15498
9243,4639.7,78106,37.735,345.88,248.47,0.1639
9243,4929.5,77003,28.495,378.79,428.46,-0.061525
9247,5073.4,77880,27.331,220.1,126.15,0.27133
9250,5353.4,78489,27.538,260.81,144.28,0.28766
9252,3774.7,75785,34.663,436.52,356.04,0.10155
9257,4254.9,77074,37.856,752.58,427.18,0.27582
9262,4575.7,77362,39.456,271.71,173.82,0.21972
9266,5697.2,75736,29.211,194.39,231.9,-0.087986
9272,5725.7,77820,32.827,432.75,261.48,0.24672
9273,5459.8,77930,33.494,497.09,318.27,0.21931
9282,5394.9,76928,27.601,429,131.15,0.53174
9283,5546.2,76919,28.642,251.83,110.58,0.38976
9286,4937.8,77955,28.125,302.45,141.14,0.36365
9287,5750.3,78110,41.137,319.91,242.77,0.1371
9292,3915.9,78430,32.301,259.1,138.97,0.30179
9293,5033,78442,29.396,388.74,165.99,0.40154
9295,5481.4,75968,37.698,142.56,217.82,-0.20883
9298,5424.1,75823,32.853,155.09,103.31,0.20039
9301,4022.1,75957,38.283,227.03,214.7,0.02792
9304,4250.4,76992,44.991,536.09,290.47,0.29716
9304,5338.2,76762,28.353,358.23,109.48,0.53185
9306,5681.5,78083,29.786,276.98,102.92,0.45818
9308,3716,75746,31.631,1060.3,485.26,0.37205
9308,5844.5,75748,32.216,295.05,263.36,0.05675
9312,3696.4,78323,33.198,329.67,363.41,-0.048673
9314,4734.6,76014,38.639,194.75,203.23,-0.021317
9314,5463.8,76823,26.735,348.91,313.1,0.054099
9317,5536.9,75739,32.402,298.23,493.24,-0.24639
9325,4518.9,76113,37.146,551.95,161.94,0.54631
9325,5686.8,76737,37.929,203.98,188.71,0.038889
9329,4368.9,76878,35.241,301.14,297.95,0.0053234
9330,5024.9,77912,28.527,309.35,145.82,0.35927
9331,4948.9,77879,28.77,560.84,340.89,0.24393
9334,3667.6,75892,30.845,316.25,375.79,-0.08604
9335,3833.4,75866,37.131,219.02,251.59,-0.069218
9339,4980.1,76655,32.237,485.38,121.94,0.59843
9347,4209.1,76979,24.978,275.89,119.8,0.39449
9348,5512.3,75743,31.796,116.16,166.71,-0.17872
9348,5927.3,77596,33.874,317.91,229.94,0.16056
9349,3808.3,78283,36.804,238.5,122.07,0.32292
9349,4624.7,77256,27.613,299.5,206.94,0.18277
9349,5560.2,78514,31.147,271.54,233.4,0.075542
9353,5025.7,78059,37.797,407.24,169.57,0.41205
9354,4625.4,76509,24.16,384.45,199.62,0.31644
9354,5647.9,75838,34.789,280.24,222.06,0.11583
9354,6136.3,77486,35.917,341.44,404.77,-0.084869
9359,5039.2,77946,35.56,585.63,292.81,0.33334
9361,5039.5,75889,38.553,274.78,239.22,0.069198
9361,5332.4,78572,34.333,365.89,151.75,0.41368
9363,4421.7,76482,32.536,326.83,127.7,0.4381
9366,3890,76346,35.156,280.35,202.49,0.16125
9375,5597.6,75803,36.067,440.63,504.05,-0.067137
9378,5078.6,77974,26.135,467.96,292.76,0.23031
9378,5781.9,78620,35.134,458.59,266.32,0.26523
9379,5796.8,75730,27.223,324,313.68,0.016181
9380,5756.3,75735,21.367,464.24,273.97,0.25774
9381,5650.9,75748,24.747,488.78,185.61,0.44954
9384,4657.6,77588,39.183,176.56,142.04,0.10837
9385,5692.6,78078,32.278,227.37,153.03,0.19543
9388,5692,75752,29.93,293.36,395.29,-0.14802
9389,5751.2,75729,22.414,598.73,337.51,0.27901
9392,5512.4,75738,26.009,521.66,459.68,0.063153
9393,5496.1,75783,24.669,364.85,296.83,0.10281
9396,5454.6,75754,32.22,378.57,307.86,0.10301
9397,5462.3,75909,32.08,693.22,514.73,0.14776
9397,5733.3,76672,34.63,286.88,328.62,-0.067814
9398,5378.6,75869,36.844,197.44,187.37,0.026178
9402,5004.1,78002,32.526,374.39,351.65,0.031324
9409,4070.2,77648,35.015,348.41,162.63,0.36354
9413,5763.9,78687,35.443,167.89,193.38,-0.070536
9420,5473,76865,32.467,268.79,373.7,-0.16329
9420,5589.4,78675,27.578,566.78,358.44,0.22518
9421,5470.4,78564,40.316,545.81,294.25,0.29945
9422,5425.3,78561,33.69,402.55,347.84,0.072909
9423,5261.7,78442,34.08,245.02,228.68,0.034512
9430,4963.3,76534,32.752,318.75,101.19,0.51808
9431,5166.2,77117,34.715,192.12,108.7,0.27731
9433,5625.6,75761,37.583,366.52,479.7,-0.13375
9434,5687.1,77904,30.714,148.34,128.55,0.071489
9435,4419.4,77332,33.826,467.48,292.48,0.23028
9436,5441.1,78023,28.915,293.69,149.8,0.32444
9440,3880.7,78365,37.357,221.7,130.73,0.25813
9441,5676.2,77153,36.412,154.2,111.37,0.16125
9446,5726.4,75759,31.957,266.34,130.08,0.34373
9451,5605.5,78689,23.297,583.56,465.46,0.11259
9453,5724.1,75817,48.463,351.14,156.88,0.38239
9454,5524.6,78712,28.295,864.77,500.26,0.26703
9457,5825.7,75762,30.069,331.87,260.68,0.12014
9458,4464.5,77381,37.459,232.8,211.75,0.047344
9460,3779.1,78289,32.031,461.51,389.23,0.084959
9462,4281.2,77920,37.926,172.31,129.75,0.14091
9462,5670.9,76824,31.941,218.75,100.73,0.36942
9464,5613.6,78706,27.368,457.56,160.06,0.4817
9465,4257.9,77208,35.052,346.12,381.36,-0.048433
9465,5017.1,76074,24.561,290.47,234.26,0.10713
9466,4561.1,77007,35.292,283.14,254.81,0.05266
9472,5754.1,77710,36.419,157.3,150.95,0.020609
9476,4862.7,76730,35.147,802.43,439.89,0.29183
9478,5532.4,75731,32.131,206.96,101.37,0.34244
9482,4751.1,76789,24.148,272.19,183.24,0.19531
9483,3719.4,75851,34.058,772.48,671.33,0.070062
9483,4048.5,78534,39.956,442.42,436.79,0.0063991
9483,5405.3,78602,42.889,448.42,290.63,0.21351
9483,5554.7,75756,24.827,454.26,251.05,0.28811
9484,5650.5,75733,28.963,272.43,337.21,-0.10625
9485,4786.4,76896,33.556,366.17,163.18,0.38347
9489,5075.1,76871,33.216,445.49,318.75,0.16584
9495,5066.1,77857,32.646,286.03,216.94,0.13737
9495,5522.8,75754,34.405,388.19,345.54,0.058124
9500,5460.7,76874,36.505,538.2,288.07,0.30272
9502,4379,76996,28.585,377.01,168.48,0.38228
9505,5862.4,77447,36.774,549.31,781.39,-0.1744
9513,3544.7,76415,35.553,310.77,114.66,0.46099
9513,4366.5,77796,37.114,170.81,216.4,-0.11772
9517,5732.7,75768,33.039,256.75,184.4,0.16401
9523,5441.5,78666,36.334,628.54,487.32,0.12656
9526,4637.9,77020,37.637,232.06,320.19,-0.15959
9527,4366.5,78016,35.963,267.35,202.25,0.13863
9528,5423.2,76780,36.599,246.97,109.54,0.38548
9533,6020.3,77469,33.26,407.74,273.21,0.19755
9536,5739.5,75738,20.378,764.1,497.81,0.21102
9539,4093.2,78695,33.917,245.6,115.37,0.36079
9541,5581.7,75785,24.99,609.1,572.54,0.030941
9547,4425.2,77303,29.695,462.18,347.54,0.14158
9547,5043.6,76645,29.766,217.74,147.71,0.1916
9548,4885.9,76606,38.096,433.59,196.68,0.37589
9548,5679.9,78019,25.708,311.05,221.83,0.16743
9549,4359.5,77117,29.834,781.24,535.02,0.18706
9549,5617.6,75803,35.438,257,126.98,0.33861
9550,5798.8,77875,30.328,305.3,187.68,0.23859
9551,4549.9,77151,33.296,257.73,288.11,-0.055652
9554,4606.2,76994,28.415,720.64,429.62,0.253
9557,5498.5,78642,33.016,382.76,372.32,0.01382
9559,5461,78688,29.715,318.23,199.58,0.22914
9560,5573.8,78726,14.708,633.13,414.86,0.20828
9561,5527.3,78646,13.335,951.1,577.08,0.24475
9563,5684.8,77869,27.598,228.02,129.36,0.27606
9565,5462.7,78614,19.179,807.98,441.27,0.29355
9565,6408,75837,30.57,288.61,273.32,0.027215
9568,4967.7,78024,23.987,302.25,293.62,0.014477
9569,3986.9,75795,37.229,450.19,275.02,0.24155
9571,3970.1,75914,24.521,657.97,321.35,0.34373
9572,4053.3,75849,33.234,466.36,427.4,0.043597
9574,5405.3,78597,24.632,569.6,435.37,0.13357
9574,5767.2,75771,31.264,524.3,425.07,0.10452
9575,5283.2,78606,20.834,579.09,417.57,0.16206
9577,5014,76776,28.083,471.52,219.9,0.36391
9580,5422,78672,26.74,551.19,151.67,0.56842
9581,5483,78637,21.93,387.28,196.42,0.327
9584,5266.2,78654,23.983,539.24,226.35,0.40869
9584,5682.5,77941,31.083,404.35,116.05,0.554
9585,5230.2,78588,40.095,287.6,188.62,0.20784
9585,5713.2,77935,32.224,158.7,140.71,0.060071
9591,3538.3,76030,42.229,656.25,464.2,0.1714
9595,5752.6,77908,26.621,217.77,162.29,0.14596
9597,5667.3,77905,33.049,214.14,121.9,0.27448
9603,5134.4,76914,32.853,658.31,462.77,0.17442
9604,4670.1,78633,22.601,197.26,179.55,0.046978
9604,5601.9,78726,31.643,287.04,355.88,-0.10708
9606,3721.5,76975,42.939,477.59,390.8,0.09994
9606,5081,77102,29.1,238.45,160.94,0.19406
9607,5345.2,78655,41.111,663.71,370.83,0.28311
9611,4306.6,77139,31.123,252.55,153.88,0.24277
9612,5612.8,77578,36.616,186.46,133.7,0.16479
9621,5626,78010,31.19,303.01,287.39,0.026464
9621,5625,75749,32.808,453.1,420.07,0.037834
9622,4407.4,77195,30.699,383.01,386.93,-0.005095
9623,5681.9,75765,32.063,138.07,186.46,-0.1491
9629,3889.2,78248,36.532,370.96,166.49,0.38044
9634,4436.8,77025,27.138,212.05,124.08,0.2617
9636,3807.9,75746,24.03,431.06,305.62,0.17028
9643,3841.1,75756,32.476,472.8,164.13,0.48461
9644,4287.4,76669,29.431,217.66,166.67,0.13266
9649,5380.4,78340,31.014,338.54,294.38,0.069767
9650,4732.2,77984,32.294,318.32,181.16,0.27459
9651,4403.6,75789,32.517,311.79,322.85,-0.017428
9654,5090.9,77940,30.202,453.63,419.45,0.039144
9657,5565,75864,30.77,343.7,225.51,0.20764
9659,5590.1,75759,25.968,547.55,582.12,-0.0306
9661,3808.8,76022,39.79,271.99,371.16,-0.1542
9662,4169.2,77425,37.899,233.08,168.58,0.16058
9663,4338.4,77218,34.996,416.67,284.87,0.18786
9670,5471.9,78660,28.03,589.79,374.71,0.22299
9678,5353.8,78534,36.223,403.19,228.08,0.27739
9681,4778,76676,33.466,317.54,190.76,0.24941
9682,3857.5,78266,33.569,281.37,341.17,-0.096063
9683,5436.6,78623,27.313,611.84,235.73,0.44375
9684,4784.9,76752,35.297,315.64,168.55,0.30378
9691,3958.6,77245,35.583,165.04,166.08,-0.0031463
9691,5697.7,77931,23.074,391.47,348,0.058781
9692,5669.4,77985,26.323,270.3,122.61,0.37588
9693,5804.1,75737,32.753,641.54,346.27,0.29892
9695,5019.3,77033,33.335,251.49,229.76,0.04515
9695,5677.2,78004,35.605,194.2,125.33,0.21554
9696,3660.2,78420,28.647,356.51,329.7,0.039063
9696,5644.7,77969,30.859,302.45,234.83,0.12585
9697,3708.2,78296,35.838,177.69,110.75,0.23209
9698,3809.4,77347,38.226,188.26,308.73,-0.24241
9698,5115.6,78074,34.952,496.16,331.79,0.19852
9699,3771,77301,35.154,200.44,286.28,-0.17636
9705,4735.3,77029,28.51,736.03,561.47,0.13454
9707,5662.7,77889,27.518,501.64,326.39,0.21165
9709,4063.9,78238,29.56,402.21,321.49,0.11153
9709,5399.9,78378,26.589,411.59,102.77,0.60038
9709,5660.8,78003,29.271,405.65,470.6,-0.074123
9710,4430.7,77210,31.393,637.63,754.31,-0.083828
9710,4437.9,77260,34.556,565.79,716.3,-0.1174
9710,5644.7,77901,26.069,674.39,484.62,0.16373
9711,4957.7,76828,35.417,276.17,290.15,-0.024684
9711,5308.8,78523,24.177,291.91,196.88,0.19443
9712,3984.6,76784,17.059,863.53,285.53,0.50302
9713,3993.9,76766,17.846,803.9,132.23,0.7175
9714,3980.8,76756,18.614,618.72,124.36,0.66528
9714,5348.2,78376,36.925,239.54,178.56,0.14584
9715,4069.1,76858,21.713,665.81,297.42,0.38245
9715,4443.6,77691,37.255,337.29,267.59,0.11524
9715,5318.2,78256,36.393,412.18,284.1,0.18394
9716,3608.6,78535,33.674,180.66,137.95,0.13406
9718,4129.8,78255,36.482,582.09,255.29,0.39026
9718,5078.1,77984,24.539,639.66,390.91,0.24137
9720,5308.7,78651,30.369,467.67,194.63,0.41226
9721,4692.7,77025,32.007,659.09,394.15,0.25155
9723,4519.4,77155,24.862,566.69,463.12,0.10057
9723,6084,77249,31.317,201.94,139.33,0.18345
9724,4214.4,76897,35.14,221.54,107.77,0.34549
9726,5076.8,77959,34.609,205.46,211.2,-0.013775
9728,5727.5,76083,36.39,154.42,176.24,-0.065976
9731,5055.4,77957,33.394,408.88,491.56,-0.091826
9732,3869.5,75760,24.527,409.85,147.9,0.46967
9740,5506,78577,26.185,488.44,361.33,0.14958
9741,5538.3,78657,30.344,1181.7,634.84,0.30106
9742,4367.3,77140,27.563,360.82,123.11,0.49119
9745,5776,75895,36.303,294.62,227.52,0.12852
9755,5342.4,78618,34.482,178.13,203.01,-0.065272
9758,4851.7,76767,31.032,379.01,199.62,0.31002
9764,3510.1,76141,34.198,350.34,340.39,0.014396
9769,5324.1,78497,28.889,453.1,395.76,0.067551
9774,5309.1,78629,28.622,493.35,240.36,0.34481
9778,4928.2,76635,32.504,263.62,168.65,0.21971
9779,4828,77938,27.75,487.01,177.08,0.46671
9780,4914.8,76914,38.504,174.51,239.32,-0.15659
9782,5763.5,75757,32.851,285.29,232.12,0.10275
9783,5740.2,75744,32.646,235.51,279.62,-0.085636
9784,5721.5,75864,28.307,293.38,259.46,0.061367
9791,3997.8,75780,31.333,690.75,414.31,0.25015
9792,3879.2,75799,23.188,404.22,148.14,0.46362
9804,3905,75789,22.379,547.31,332.46,0.24422
9805,5762,75789,29.413,277.13,203.4,0.15343
9808,5155.8,77936,35.561,345.49,241.52,0.17711
9809,4980,78079,42.55,874.71,493.08,0.27901
9812,5046.7,78160,37.616,628.63,278.37,0.38617
9824,4077.3,76240,34.763,298.21,152.06,0.32458
9831,3985.9,75939,34.259,334.54,233.93,0.17699
9834,4544.5,77850,30.377,220.2,122.77,0.28406
9836,5323.4,78614,30.022,349.49,258.5,0.14966
9840,4290.9,76720,35.052,431.64,267.86,0.23414
9841,4374.1,76374,28.649,420.32,380,0.050378
9841,5468,78626,35.948,200.73,154.75,0.12937
9851,5486.3,78704,28.757,489.16,171.13,0.48164
9852,3901.9,75940,34.439,228.58,120.32,0.31031
9871,4747.9,76655,32.861,417.7,289.95,0.18053
9875,5805.6,76993,32.372,169.43,150.39,0.059556
9880,5614.6,75775,34.685,493.23,459.56,0.035344
9882,5677.2,75777,33.747,476.34,384.62,0.10654
9887,4411.4,76741,37.843,252.63,236.28,0.033456
9888,3814.9,78347,37.195,201.47,142.49,0.17146
9889,4319.5,77162,33.076,229.61,118.41,0.31954
9889,4864.8,78102,32.155,368.21,264.06,0.16473
9900,5597.8,75746,36.55,242.11,199.4,0.096722
9902,5764.3,77997,35.149,263.93,313.46,-0.085786
9908,4207.5,76519,31.515,123.8,170.22,-0.1579
9908,5606.9,78695,31.551,298.37,123.29,0.4152
9912,4095.4,77606,36.355,194.49,149.09,0.13215
9914,5272,78541,33.48,541.62,115.44,0.64861
9914,5665.1,75753,35.569,310.97,442.04,-0.17407
9915,4983.6,78019,30.203,471.86,311.2,0.20516
9927,3647.7,76661,25.237,596.67,224.18,0.45379
9931,4747.7,76724,34.7,243.42,215.65,0.060479
9932,4723.1,76888,29.612,776.04,701.24,0.050632
9933,4995.1,77047,36.54,349.72,145.88,0.41131
9934,4556.3,76801,30.442,618.51,331.14,0.3026
9938,4763.1,76965,35.881,242.5,175.98,0.15895
9941,4496.7,77214,33.293,441.68,399.93,0.049609
9959,5070.9,77876,28.95,301.7,150.66,0.3339
9970,5050.7,78191,31.474,184.7,141.19,0.13352
9982,4582.7,76020,30.162,212.2,120.88,0.27416
9991,5782.6,75735,28.988,380.1,505.72,-0.14181
